0.8348289748193588
0.9017398599532161
0.7855060417938956
0.9337076807146562
0.9201877075933109
0.8970246070739812
0.904306571976078
0.9183893633033359
0.9155040726923878
0.8209903904208891
0.9689569344650826
0.9386453015883606
0.9245250534708225
0.8818416523153928
0.9118235374152408
0.873212041804586
0.969136491820644
0.9079452758412996
0.7590766812180785
0.7028815935975087
0.8988757565254636
0.8763029449849306
0.9585203646310441
0.9178354933805303
0.9170195569540431
0.8544594161473287
0.822521073152238
0.8354379607605973
0.8318666938141033
0.8039378948927345
0.851589783641729
0.8885613163050957
0.9672498300139121
0.5657918529562884
0.8970532349307583
0.7815695015744044
0.9853386430215807
0.8129198600320501
0.9142039048906322
0.9551163559164103
0.9202788985599292
0.9447478941624303
0.8347478564990419
0.8746081689598411
0.882237451254534
0.9604343447731306
0.8609237208384983
0.7658766543822588
0.9121132842977778
0.7846709851092417
0.8366495968390919
0.7644618439485008
0.8135719126605223
0.9592068907577718
0.8680940129993191
0.9256931331640665
0.8932685939601599
0.9568364448266491
0.9418439686802165
0.8097502388161482
0.8843450737774304
0.880323765510766
0.9632137850112248
0.9813762032319587
0.8956040127730437
0.8366787645478988
0.8713644315872495
0.9285183552927574
0.8614738572840457
0.9441317324460353
0.8684296675824994
0.9112714246102614
0.9263327798303135
0.9270484408752842
0.9572893277530674
0.855974609828229
0.9646160609585469
0.9602527402708083
0.9466628410356229
0.8735457654206022
0.6808611776213398
0.9580000785699208
0.6865833975214114
0.9534522888438935
0.920410646053205
0.8508819755320581
0.9468602377315939
0.8138234258413024
0.7025661014550951
0.9869470563864113
0.9243296063799032
0.880669778062875
0.8331581451656805
0.9705088516059055
0.8746249271071402
0.868121386315542
0.8531703634431047
0.9860439959738081
0.8840215745537953
0.9237763355279172
0.920364625379774
0.8666389109983876
0.6971664457042318
0.9592696336475766
0.9756511828635274
0.8976685860880578
0.9583397112092447
0.9260336756126214
0.8486036085482621
0.9500768682074777
0.7674452022161933
0.8855940007784928
0.8626249272406511
0.7768478816670106
0.9107929317305458
0.8333831671597162
0.8781338909200431
0.892351258656311
0.8408811373589655
0.5854901886556099
0.690467884573608
0.9093574750124024
0.8794347602489652
0.8459671017775588
0.9082260000379377
0.8286863925702875
0.8834134688098884
0.9176611304025971
0.8664261317183682
0.9419941583951292
0.9904533451628315
0.8786284370737346
0.8597492833671437
0.9919474898318444
0.900744254019635
0.9860356816463778
0.894321184523631
0.8922704153037142
0.8435168283999438
0.8772433333323034
0.9157655144387188
0.975349389939513
0.9239074084545967
0.9314515460957087
0.9010592658342442
0.814545012951023
0.8708106488001325
0.9353909587357397
0.6356020905437176
0.9918187600678454
0.9972193142263005
0.7787433396587552
0.9418365585758487
0.9334670752563582
0.9050456893020071
0.7189838367802917
0.896664398752776
0.9407979435389597
0.7270120361047825
0.8356751215329222
0.919793842852352
0.9352272579998052
0.839480343363402
0.7016125343066597
0.70944890647431
0.8135620142933028
0.9774012830378978
0.7642450105874603
0.8397758692152528
0.9389416184412291
0.8325062219357404
0.7367227448301897
0.7766734389347824
0.8634751034060905
0.8787046849622311
0.8718574944805472
0.9680928357920073
0.75831929270688
0.7949796262321817
0.9065533691435559
0.7821225113591033
0.7263978732270265
0.8788312351005153
0.7885809841749778
0.9140406251945512
0.7493689592538681
0.8536823181283193
0.8552135141075214
0.7810690615270812
0.8191198570185958
0.7821358103714864
0.8693418317110887
0.8485180756686918
0.9587000218564207
0.9326166323285897
0.949282496397244
0.8937150888164612
0.8119342733343045
0.9362386415847392
0.9116010122176519
0.8377336604613044
0.8748051243410778
0.8587250088827065
0.8425077325915556
0.5865235438512462
0.9032668658236984
0.8747870892507459
0.8453428818942127
0.8084453944871876
0.9204988205880716
0.8814037068681047
0.8517098471047898
0.7554496366542647
0.8233955476206726
0.6861138490504323
0.9404706068806779
0.9186973129404429
0.886663163181984
0.9326373125080528
0.8971910286369774
0.7814662778946015
0.8699723094264971
0.8761269751821866
0.7747466295000076
0.8707751863608097
0.8007470306655292
0.7383869584391545
0.9859209551360796
0.8583416536204664
0.7020587297552896
0.755654585799952
0.9332905612581636
0.9723959948239863
0.9221991631381623
0.7121122626727704
0.814790933028144
0.8003510776285176
0.8952370042229508
0.919513709809514
0.836348371033715
0.9305342236462868
0.7788530895584369
0.8760355071365277
0.9579322255627389
0.8671413632133147
0.9018448797551192
0.786857629679185
0.7450069585355679
0.8990910863448915
0.8807563714718438
0.7292771203531716
0.8065484516369873
0.8241219818556068
0.803097595090185
0.8252551930075144
0.8576281594343487
0.9613441603315752
0.7631343864398827
0.6857297781016162
0.8170238286913819
0.8408904295454072
0.7394100265251486
0.7734350066031024
0.7869072902163139
0.911121619389819
0.7729259752439249
0.9313925291357561
0.9423916806478986
0.8793901749075826
0.695147765912593
0.7890416476854389
0.922206636430909
0.9384266575023916
0.7514296498248333
0.9015960299818323
0.8702545488507546
0.7746780743892652
0.7613730189013048
0.9935701292954912
0.9092466216060788
0.7974702911580173
0.8766268332999343
0.6710235367401953
0.8509219203573724
0.8210429118387786
0.9477291014831657
0.9453886048353013
0.9659442956009863
0.9082461077106623
0.9541389298629023
0.9478679675322961
0.9158219041957203
0.8698512507275955
0.9764310605763238
0.9943560999318952
0.8701875939003009
0.7659053382593535
0.9118291335944423
0.700206835453356
0.9546275771532817
0.8880445486598058
0.8043372346125235
0.9161006305326651
0.9608314248642158
0.7222083925972352
0.9397876488089214
0.884538823776505
0.9391631398266299
0.9400401361087419
0.9037841427078132
0.634467443756463
0.943016319575388
0.8494903222899739
0.920331301553549
0.8951447531883613
0.8313286388551222
0.9350108761725805
0.7492899801871418
0.9067756386671921
0.9009006809419221
0.8940348750791182
0.8059413440675163
0.5973215241778206
0.7959117393139463
0.9521588933632263
0.605214982434007
0.9101728942221053
0.9263578433052172
0.885451212008658
0.9248738722509485
0.777444633751804
0.954580925436353
0.8596513482127173
0.8944108854399028
0.8025962507323665
0.9949239156860669
0.8540571526248226
0.5979364093959568
0.8870268188620883
0.9130557779567336
0.826173116664896
0.9498467681145881
0.8669424450772844
0.7521538029158242
0.8703542631199394
0.7246455584042479
0.92128865790275
0.9277510386881339
0.8390956235709665
0.8916315381190596
0.8359824481085325
0.8664171877575383
0.8426960552957113
0.7582769059077821
0.7158140748634214
0.866758603171085
0.8089302692883137
0.9445411421030134
0.9661086611355062
0.9663778253408055
0.9750055022981443
0.8516104973178903
0.866168420577038
0.9510952015468228
0.937075864149855
0.8858244506526768
0.7450731425998722
0.5210656111520714
0.948781104333021
0.710447597162129
0.7544205477356363
0.8664578404229546
0.7895032309060617
0.8790660622322366
0.8493792217397172
0.9622999341680376
0.8815569276113312
0.8342351522548876
0.7899084246746084
0.8715730523440801
0.9717977401027234
0.8246446130548492
0.8276833416312309
0.8981526936499
0.9145417037669634
0.852463531046671
0.8699941154054581
0.8854724071331638
0.9355982383418647
0.9322571372800458
0.7378364550194578
0.8943343438597261
0.9082519125677392
0.7686943942997994
0.9604963906792872
0.9387718691428222
0.825269508998298
0.9058098972786423
0.8008535562862338
0.9146487822301356
0.9219084150595867
0.8320103991509165
0.8411689125848195
0.8978093740540904
0.9933406467034928
0.8308621487989585
0.7339399343686128
0.8579463331125706
0.7670550262750948
0.8948666381315995
0.8272119633904443
0.853056043537146
0.9843046255702946
0.8418979799216952
0.6773447709278556
0.9154602709867893
0.9564959817307565
0.7002957276937593
0.7401359334441877
0.8506938126274055
0.9137947067197251
0.9116291638761931
0.8946138356424979
0.8776826606931805
0.8554672320267772
0.8540802602186257
0.8727287509464035
0.9012107236044227
0.947924859751427
0.9088789958324672
0.7665774251390635
0.6429085753555827
0.9106983956079463
0.7850133202944425
0.9039538266998317
0.8984017496869986
0.908886473648603
0.7643329283439453
0.8922351817506067
0.9321522722723036
0.8797806413442604
0.8791581791495966
0.9010031603537023
0.959008244505063
0.8588343133904804
0.9193014194122026
0.9148631138528214
0.945547512682272
0.8469168814135262
0.6784382982130541
0.7691372748156852
0.9694970326804281
0.8513740230339087
0.9454447814404029
0.9209916617335899
0.9186478340524195
0.8757035929191285
0.9890937948388695
0.8770584304186276
0.9023055846306698
0.8094283473752963
0.8819389011895856
0.8559165058862365
0.7767605497902804
0.9777974661203611
0.7204807438697338
0.962800099740916
0.9712303735686569
0.8065009979907488
0.8050152605994804
0.6703377234284525
0.9153697473612592
0.9096385183585334
0.9366098103765371
0.8529120598851103
0.9786519181770722
0.8320159132691296
0.8179696767032841
0.9779119023156292
0.9178274175814776
0.7766635431091283
0.7557595246325681
0.9294361460156872
0.972777103794832
0.9171592621395948
0.8168994314444158
0.8474779453625393
0.8977022436330347
0.7113849662324211
0.7823654674357976
0.9335913382094468
0.9090260643247721
0.946439808480706
0.9044958314994971
0.8604023890607232
0.7987518364414907
0.8816287359641446
0.8892048067158739
0.9406650683286734
0.832375050578576
0.8767238140031786
0.7373402848942906
0.7211613456535736
0.9072998168395636
0.9038767817434501
0.8987779367101679
0.9124795500938258
0.8609742340456803
0.9797885688136293
0.6585486691743822
0.8727926774871655
0.7909587021110923
0.8240751808353968
0.9639226839443851
0.8789959227935316
0.9383122988355694
0.8697776597105817
0.7368529612150889
0.9531858733799566
0.9532660732718966
0.9710727873742852
0.9525830758688254
0.9099606076314704
0.8866131087043773
0.7162701917155095
0.5932137509890015
0.8526565237935425
0.8401167861832193
0.923960000627499
0.747524315115348
0.9456287012430744
0.7032448618732435
0.9277643251616234
0.865904570565239
0.9221073984186031
0.8988228426892785
0.6821307722091141
0.9926678168073289
0.6220894695399973
0.8463108187169464
0.6319312161997866
0.7659982318230141
0.9094870166556263
0.8814088641172876
0.8948296173491206
0.9369004112176214
0.9450211676096162
0.7816963160693835
0.9931078773687704
0.9070881879968231
0.8728741611214472
0.8719102624515863
0.891887182039499
0.8032603255201567
0.8955219134796868
0.7898082837512357
0.7900204953053002
0.9396741633660336
0.8769837456072995
0.9769173518645559
0.9019062482339332
0.8753435752158355
0.8985945961649399
0.9286915325521844
0.903261148848383
0.9731097773032467
0.9696139822695543
0.8734671610119923
0.4848736825106261
0.8586476412286318
0.7447874436760443
0.9028073784655853
0.7895536671266569
0.879153200198419
0.9186874649807184
0.8201918056432769
0.9374385441273414
0.817867552126837
0.6338675202694501
0.9632956784881659
0.876358896474597
0.8230299974471073
0.9258559206187377
0.8564549443667095
0.8542578744784114
0.9675160760567787
0.9611584810115396
0.889411677122822
0.8697458047696631
0.7955516686563069
0.8608326632409261
0.9365732907440154
0.8145413186225587
0.9115448691309259
0.8847470145210444
0.8786714871974376
0.929708957295727
0.9092443388430679
0.9847367576912549
0.9533865358051172
0.7129118606901156
0.9878428060909078
0.9357471027722766
0.9506106743583389
0.8658646350418159
0.8111491679333657
0.8754582086754688
0.770520612623324
0.7730111680860123
0.7513429946277307
0.9932136931808253
0.8804743176772153
0.7957574954892398
0.8380296681648371
0.8131723559917774
0.9383659066476808
0.8605816744993015
0.7980656632646618
0.8047262884651487
0.8536894852357005
0.7806798146940391
0.8128680802822168
0.8073682417980403
0.8547515598948529
0.8845857743832937
0.7454930154809958
0.9109461852872379
0.910817537501443
0.9208668005461655
0.9520037033573464
0.9272819385670171
0.8867735147554547
0.644591673847602
0.9038928075758316
0.9354174023942843
0.8155788756020128
0.8800236642948968
0.8616515401196363
0.6682334598862844
0.9454173501629981
0.9281993948339211
0.9400136633113666
0.9124045844145067
0.8509823399531624
0.9286078311016716
0.9897863468175006
0.9207295027975776
0.8463793478600088
0.8717548232342336
0.7394346454663051
0.9583220787280656
0.7629374667661568
0.9290481482626433
0.9664405694747934
0.9908872274567687
0.95567071914282
0.7528452220379372
0.9509075542627985
0.8895408249189849
0.9038812720126089
0.9129944419748353
0.9444293750544649
0.8170931244088232
0.8998656406830511
0.9487495575698129
0.9169036346763739
0.6967368715805485
0.5896093749782667
0.9787055674312919
0.8997933820627204
0.8805795455741893
0.9083180523927192
0.7995876889594025
0.8525046730338124
0.8684589453662616
0.8505104022371707
0.9730197385026723
0.8363360485414384
0.7836355264231132
0.9141556514292642
0.9791847018278539
0.9655350855437627
0.8546360903252131
0.8580127422308996
0.8602965591736834
0.9011563511612969
0.7140695690020933
0.8094125487156367
0.774439733306687
0.889638064112702
0.5836911214455845
0.9080981111223668
0.9241600509146518
0.7460849518095789
0.8712089523587054
0.9693962718136563
0.8631190877640232
0.84086838633131
0.958429982042331
0.8558207866473128
0.7215633529714837
0.9522235021648373
0.9716155371851578
0.5776237383684126
0.8779951031497798
0.9667498692586877
0.9261826783999489
0.8299752476204131
0.6525085520249051
0.661569132951342
0.7422451206367493
0.8822396294761203
0.7050929066276294
0.8569721818915451
0.8487617161145986
0.7536901432043043
0.9420492274746991
0.9156185286822291
0.8956359758383776
0.8430656875462351
0.8270348918383685
0.8890478844094829
0.8262765555646922
0.8932859550525978
0.6772736679636845
0.8766328150077979
0.8923085311569064
0.9462547762424982
0.8108243864184317
0.9838587656136555
0.9269203613268585
0.9188025090312658
0.896784398391729
0.8179942348250843
0.9516778917006128
0.8530023668132208
0.9234696528808382
0.8105536108563967
0.8681096591885579
0.843544041769012
0.8090700808300755
0.871840604712397
0.9070911013855378
0.9512822734975602
0.9287747916653317
0.8177469221585658
0.9360570959528846
0.898711330331538
0.9045771811250596
0.8065387735964566
0.922228423753904
0.8658360364144617
0.9626935802132492
0.9508866337859243
0.8105885968503007
0.8784283803462872
0.8584139557483382
0.9767927949938772
0.8946599833309448
0.782171904740614
0.8769037789406265
0.7140131151211626
0.7747281750105733
0.8063888334815674
0.6566989789869264
0.9648132386322428
0.9464251379212109
0.9451632263779784
0.941473503139048
0.791978293255006
0.8634079437596245
0.8692157075861856
0.8938144185004838
0.8064248938655354
0.9322626126668917
0.9002798957096908
0.8895627836433984
0.8692034191666549
0.8134414166585443
0.9021390381770389
0.8042365043072817
0.8203921182558734
0.9211739449988154
0.9614602276427469
0.925098929155809
0.9596916957259858
0.9228806537764492
0.7468158548144261
0.7029985134819288
0.8442531228153621
0.7861458154695914
0.9062788617579631
0.952767591783542
0.9479823816179842
0.9113142097077812
0.6990942648883589
0.7479992121881733
0.9224905753142237
0.6520838768423206
0.9240532921618015
0.841085144364109
0.9220467246392038
0.9181746169537848
0.9064894509838017
0.7868629419982944
0.8042157244275104
0.970470880478018
0.9836043400024502
0.8625545042509676
0.9573321435806305
0.8630475754266922
0.7617264669654281
0.8772761191840068
0.9639191363268171
0.6190378050703944
0.6977610342768817
0.7882251568718949
0.8743413019753336
0.8692386980133875
0.8907439863524268
0.5838933856981171
0.804300552181929
0.8519930946437809
0.8850586139483688
0.960678145198622
0.9710844012556669
0.9926641939476116
0.9032391677940675
0.9185243501874057
0.8775810714667251
0.9596730656045858
0.9305737581879143
0.8567647749758893
0.9960818205482059
0.953495099597601
0.7952260157481998
0.8210741194492116
0.9397254628663374
0.7461998857090674
0.9208330529932344
0.5599582091009716
0.9535785209895253
0.9583636037882197
0.9082681617070075
0.43763131553947254
0.8843961126611709
0.8398814312161997
0.8779952414800312
0.8279363594657044
0.9376363830716631
0.8082384989880181
0.9321507107182936
0.8125049429663104
0.8735290423605034
0.8841120384191977
0.9129776535528507
0.962632696389804
0.8973238332070546
0.8496394507003312
0.8037495011918391
0.9030921995580985
0.9279604171532302
0.7434717389424726
0.8276388050853098
0.9151912312219505
0.9323569764460711
0.9790759162462046
0.9281355119752717
0.7834990634155671
0.8355792317696444
0.8831814228958983
0.8411000164396459
0.9609194667223814
0.946359124066448
0.8086623853528577
0.7031923616443979
0.7993548887101138
0.9548126981538748
0.7661331174882735
0.7126906451229589
0.6425039236942838
0.8741117919992948
0.9346414983282728
0.9212530535667414
0.9534956667664938
0.9052401406346551
0.8993894827551865
0.9569966061710521
0.9282352167369896
0.8061491633277141
0.9580157457972394
0.9630978918872871
0.7949284022438836
0.8557161754543232
0.8934621542241831
0.9061927954781384
0.7785849725402735
0.9437506660163723
0.9101958690870888
0.8963124641564663
0.7902388127226737
0.9341084139574923
0.8886782293276356
0.9105554272612247
0.9712243210420867
0.8989807999194867
0.8901192016545618
0.8614514943227801
0.7756763935507659
0.9660769219815157
0.6912405549073931
0.8596843784625535
0.92071056910612
0.9139135466973515
0.8910495609268053
0.8832718608913761
0.8350521582722709
0.8815640280107423
0.8392415079956157
0.8978011184013537
0.9005636415284355
0.8027492270574803
0.8140014624602354
0.9378460578025323
0.8055852323649532
0.8341799259512824
0.7970186021182174
0.8597085213320446
0.9500283770354043
0.8257775798586938
0.8232488039875518
0.7715442585840525
0.9709248138133376
0.9114341014413263
0.7581890566181927
0.82195598212222
0.9856299678083872
0.947509992436505
0.8999166689435745
0.7909750923836683
0.913113323615173
0.9108175249768141
0.9401840508098258
0.9077998911474207
0.9354060567509279
0.9404588337532721
0.879976545542264
0.7194726897119448
0.862232687918066
0.8956486332947879
0.9342085463546311
0.9775521617847698
0.9585617789806603
0.9276351722429176
0.9569030408005299
0.9098933784789099
0.904731758136885
0.7095096987849248
0.9575787330140862
0.7553751794928133
0.8791837019368249
0.9468204119261464
0.9091004904091954
0.713115674143516
0.9216801155731597
0.9576701999495935
0.9333321218102142
0.840693127914717
0.9229485009112036
0.894881031257032
0.9529492493800731
0.7547780520553654
0.9303985703995402
0.9209850304537959
0.9677026776705362
0.8636783205912216
0.9079183907319703
0.9445513212290915
0.787323496766765
0.8339210922209883
0.7519167336512971
0.8765077073501625
0.8068224137103539
0.7992501588063976
0.8976626812769826
0.7787890125284054
0.8372126761991271
0.8591381410088397
0.9731680182332761
0.9280565456338302
0.9714893149666807
0.8074952106302001
0.906611513264968
0.9940312644813057
0.8514805466156375
0.8947410002310845
0.8949791741614449
0.8855855563343059
0.9162569668283542
0.9475185684586014
0.7873618536804685
0.9439380213987429
0.895003551217321
0.9171524919730161
0.8774813948686804
0.9100757922703667
0.8493232609551101
0.9437553254884028
0.8822501555055151
0.9323454809574541
0.7802724217773824
0.7617286556691542
0.8323501534361308
0.8877719515948462
0.7547356449217758
0.8928620448865007
0.9510682067686014
0.8638490942355539
0.835490763858948
0.7245391086060267
0.8444151438286962
0.8088737847543473
0.8977422074617372
0.9250682736374138
0.6999444357176545
0.7785326905556337
0.8896251336722926
0.8544285590615884
0.915006594109062
0.8960527621413935
0.8973371364060317
0.8934536107228964
0.9224828541578778
0.8516412577428899
0.8747721865288804
0.8816211483782368
0.7545794940714081
0.894378136788053
0.805016050155851
0.8396088875799176
0.827328257364674
0.8512279675357186
0.8682626849258926
0.8115759196294237
0.8577907740735335
0.9560378867436173
0.7465906310113194
0.867998856893501
0.8504113215314756
0.8102291063960722
0.8269092001476425
0.9153823208395121
0.9502695027808192
0.8551602747882234
0.8810985860396041
0.8771813009787632
0.9370092511514344
0.8848340738892173
0.9513895746433679
0.91791895758967
0.7687422868549364
0.6155096162670992
0.7024728948097946
0.8331315905133341
0.9813826790743555
0.9761596276955588
0.6368293235948417
0.7398643836236509
0.9922330611563026
0.8929278072690061
0.9056857407905252
0.8036563876633717
0.9742703919290108
0.9227552066691849
0.9677424944608982
0.9141545425769562
0.9218589903105131
0.9412498771399472
0.9164147427897871
0.8288303633629792
0.6186045883090902
0.7360949981872883
0.9007923647179485
0.9498099938661071
0.738594809438745
0.7626052173455303
0.9601566760989384
0.6949001888801666
0.7986449979100283
0.8147796476777619
0.6712812630563497
0.819210132044336
0.8334715822943499
0.9332086073117659
0.8735229198534465
0.7593393950091158
0.9820922268324074
0.9493288377922932
0.7772181688646639
0.867247602076058
0.9178081611154183
0.8995778105652387
0.8936784840124484
0.8460873039072948
0.9545929166947166
0.9411372357144989
0.9578026340078266
0.707641240412947
0.8873681844086782
0.9722422192096005
0.942190652077639
0.7867443423865694
0.8377803098273161
0.8825777503274301
0.9504711705595624
0.938479997469729
0.9432429905448678
0.6725381238959758
0.9098765534657718
0.9239687519588596
0.8530458268842064
0.9160532033408376
0.6920649836630076
0.8428404420103759
0.9581004851657492
0.8388338118858549
0.955622629797111
0.9018166475629181
0.7432604217531954
0.9458392494043105
0.9253546907194083
0.8084189110989972
0.847370993894845
0.9471951826980697
0.9104863517227528
0.7786821838985457
0.8924137031249239
0.918199961554146
0.8165203707657559
0.8063014127487174
0.9079067971407533
0.6974591187010335
0.9355308385433216
0.9071428800437337
0.7672977048998498
0.9940128575089839
0.6909561732774979
0.8906328195113328
0.9111224394783166
0.9703735045760093
0.6627471939867644
0.9353135448365978
0.836424518169407
0.7807444614356737
0.914834816828607
0.6717725263780616
0.9762759143754928
0.7351013576799658
0.5917754710369745
0.7980526205363927
0.8496796410330864
0.9739443217944718
0.9072609800666186
0.7581415884275493
0.9087382236032855
0.8203129379140986
0.7369524890462588
0.8418428710390553
0.8317941455330308
0.9554134026097673
0.9659634675267861
0.7676354610811678
0.9465582291536364
0.9686324474404404
0.7739067864573724
0.9950428295782426
0.9353832271640704
0.6191658371704517
0.8962547044765652
0.9886855357579496
0.9116416802837445
0.914844769667854
0.7635646324855423
0.8230165608299846
0.9037623449798292
0.8529844335207541
0.8034322396262465
0.895700313052561
0.8742227513951081
0.8847089190878356
0.7241136728929253
0.8807162211381915
0.8289777008759853
0.8522095701017302
0.8321194491456512
0.9264518304834924
0.8165887387611084
0.8084035909982218
0.9285127893628112
0.8743266064157245
0.803861429961669
0.8434376053446762
0.9363852967774365
0.7823570967668125
0.8851044597709152
0.9204980043087286
0.9704835642842601
0.9080632624152103
0.7889316115747042
0.9121726290931031
0.9587088640575919
0.9301246079133099
0.9677388251749532
0.9070206993841474
0.8982408247682336
0.7260970976532096
0.8257452460316872
0.8734055605788721
0.9658563230951206
0.9336832178889283
0.8451502916054501
0.9313704312254423
0.8784008736554644
0.9058982198096832
0.964318263618764
0.8856064821528099
0.681711743363472
0.8522263453502574
0.9767619650172695
0.9880197951768612
0.9466276929989003
0.8763370414847418
0.8523262685338043
0.8530173192955343
0.8629055146547213
0.9504611976324673
0.9103872335865898
0.9235276645523259
0.7699115898903114
0.9599572080584392
0.7795727147910192
0.8676479950497983
0.9226771878107961
0.8454628339106349
0.8369567754282541
0.9631917574873459
0.9457255667897564
0.8163290536477683
0.821854220356656
0.8729234681656519
0.9219231007755425
0.9613362459584142
0.8863869328997925
0.8058235671137423
0.9566266449518738
0.7823339151301045
0.9162158997520566
0.9125788839848799
0.959065658758879
0.9003668929889705
0.932486930389899
0.8057023885005488
0.7550276028751663
0.9205719191146702
0.713311813067538
0.8734664417863961
0.8677045384235291
0.937318528098907
0.8209729149081257
0.9652430627793922
0.8384451258861392
0.9207000106638503
0.9129162391990651
0.9271350661125789
0.8074441944866558
0.8735105109986042
0.8001119453112453
0.904734638585697
0.9638945715759863
0.8431447886615518
0.9685917138530726
0.7969634933348414
0.9510709208799836
0.871392019835691
0.9735800554802264
0.8258061907057526
0.8003230440614183
0.9374016106880858
0.9836334095684697
0.9130047827997306
0.7535229941696705
0.9070561376980232
0.8209008711647302
0.7798619723228928
0.9413094927282893
0.8960307881955191
0.9524320407698655
0.860441580615081
0.7508962542972855
0.6922842512339481
0.9478124163494096
0.8252101778517197
0.9107530754782217
0.8558906516805169
0.7569315884895071
0.9704744027400926
0.9357264989990979
0.7675909593320503
0.7098493151489339
0.8365172730065902
0.8419614740767793
0.9115784993825098
0.6841280413009664
0.9143523924550666
0.9240119977760939
0.8173709487382235
0.8962780837435609
0.8239882778219696
0.9440798135809453
0.8595074104913846
0.806018325157527
0.8801534176632881
0.8997608466831495
0.7959302879551028
0.8231923058578808
0.9575987853276919
0.9331741759148632
0.8292381574670218
0.9181592258146523
0.8171167611254226
0.5352962663345442
0.8579925064698615
0.9813010286657419
0.8224019308863576
0.8929284786770892
0.8956527257745663
0.8979652596588942
0.9188753698122234
0.9265605618890892
0.9863233576105992
0.8909135099938363
0.8196537263104196
0.8826916317563276
0.9307450349104314
0.9374585946806858
0.8621683264838383
0.8885697610928784
0.9363966693012922
0.9120634339730247
0.9446034565104826
0.9525152105268276
0.8337094209975677
0.8442932668279883
0.7593386160304411
0.9119103555840744
0.9282160397108271
0.9532116940645095
0.7172272896851001
0.9521375284373376
0.9099967004298976
0.7905626326903846
0.8211665277657761
0.9424615424440753
0.9113706997599074
0.8912707800935776
0.5658236012585438
0.6665204392801866
0.8301155295465749
0.8412222954909694
0.9284818902488413
0.8203988814041545
0.9706219384467241
0.8073785659601994
0.8785662283091281
0.7790292163684703
0.996450346894026
0.8718281214455251
0.8314795543236883
0.7213138867800862
0.877911209811011
0.9445489072951571
0.9650196488805403
0.6910519306465185
0.879037346391795
0.7494649968336449
0.9902009520275254
0.8621722895684437
0.8474154476921275
0.903991846988781
0.8745708518815689
0.7106025633620168
0.780023052788294
0.6399223392944139
0.9390396059648685
0.8448200963297929
0.7794448473887325
0.7882408897047073
0.9180288961753278
0.8293498399419527
0.8400845736069678
0.9598183196571248
0.9362577196167814
0.8144214083815885
0.8809629855582052
0.6969995144887621
0.9742445764316181
0.9880903522826388
0.7216890195339758
0.965668443301736
0.662141753375049
0.9664331539569231
0.8370405072479155
0.8758956898889481
0.8197186285010876
0.8653925540911795
0.836761133057548
0.7915546001905258
0.7292796382491226
0.8043934683894437
0.5001706213307916
0.7425563696283238
0.8374524928174127
0.8008147485881357
0.8267981754548742
0.8380047589978918
0.8529250109238761
0.8752128188453632
0.8109109508678239
0.8715509051820859
0.8203415362629551
0.9514457779202792
0.9387808673856002
0.7551819292864657
0.885792358023026
0.8583731558512762
0.6169486011914073
0.8441046480172343
0.7536920363861798
0.9306207288249287
0.8872920226164643
0.848830519004648
0.8917244547405748
0.9780935955105036
0.9618613497167618
0.891939711218677
0.8611335335518069
0.8864167968434911
0.9612877743947166
0.913302902692249
0.8485334679504027
0.8859393552658692
0.9447725321984695
0.8972866364964113
0.971864574253821
0.9145169981856336
0.8578785382848023
0.750314569273305
0.8953240767746377
0.876952854827178
0.7112628677576222
0.8794786688364992
0.8948507745670901
0.772569711234478
0.9368348247523116
0.9158780282984377
0.9292621183675471
0.911811849515353
0.7343509172014308
0.97353091102959
0.5906703863328061
0.8475208705853129
0.7722114437932036
0.870442951613603
0.9758950690458807
0.919129368712806
0.7360451598904422
0.9777605839696909
0.8750698665543233
0.876893181326915
0.9301062182242533
0.9517250760486704
0.9679845692850644
0.8600659595870322
0.8223023711505477
0.8170552883912464
0.8671048791153478
0.807870956774585
0.7854359197699999
0.6197680153689208
0.9120479847297126
0.8899374668732163
0.7272248351240184
0.9336356576855422
0.8468149170213365
0.7591643001074916
0.8949378817812205
0.9385887926290779
0.8477156049795354
0.8349765279439096
0.9574565091813371
0.9173351788189811
0.7882467325303695
0.7090309151776201
0.9811382100697387
0.8382736350818999
0.8371306522971717
0.9674172201257634
0.667670213613266
0.8143022624317257
0.6546140188196623
0.9038089267569827
0.929002409046274
0.7613824917917574
0.9535800220902076
0.8528331527109952
0.9024778376657283
0.8614375425050189
0.9003887258708332
0.7778154980819356
0.9476813857374569
0.9420222948850475
0.8431894821257367
0.9429380847314366
0.9384681795869776
0.8907658292662552
0.8888156312230904
0.6037096041885285
0.9493902282423563
0.7910263514266148
0.9113440934269809
0.9603350453524733
0.886948669819309
0.9083784095670013
0.7534220794239681
0.75120901846809
0.9614333939962233
0.8272505800236055
0.9204260663602852
0.4843598631898191
0.9269537916365435
0.8956890818399338
0.8572559593620078
0.826367270217634
0.9523247470771483
0.8458285392188741
0.758816829950642
0.7529487106988383
0.8457606505656334
0.7732231358776113
0.9428543323768076
0.768024059941859
0.8919873857500554
0.660133810477128
0.6568314328461781
0.9580696322845255
0.9205913825350923
0.924866016138018
0.7435975925171208
0.9154119622608701
0.3669112542324642
0.8128542876235325
0.9678790532904995
0.9354827809361725
0.8848606031725527
0.6461793950629552
0.7151094152416497
0.9387787619010636
0.7761740084104393
0.8173639949143185
0.8273051329124068
0.944325448790333
0.9737053412710088
0.9485738482823286
0.8761560742203837
0.8411930517493722
0.9357182976990852
0.9724813523627215
0.9168451984703091
0.8004851235472669
0.8083097263782659
0.7931822842462327
0.983092359048239
0.9116244182687357
0.38094157015436736
0.9446523372118377
0.8506543244999781
0.914510868209117
0.7848680676430491
0.9141123268520952
0.9943441920037465
0.9595249696195104
0.9579960250591303
0.8644601621266965
0.9223676505078169
0.8816692096150128
0.8985112766368301
0.8371900175773421
0.7866530340979312
0.8542691705214985
0.7256462918840095
0.7334786478826372
0.8911865759278036
0.9134268386054519
0.9565695746382568
0.8043063685745823
0.8423791618765165
0.8779615224517712
0.8088597336761228
0.8438763895914277
0.9704025896266802
0.8200957905761079
0.9445974298351474
0.8836598404345828
0.9768772100808792
0.8661042352208961
0.7474706846781511
0.8863169401463116
0.8782783387560016
0.9352700823951986
0.9395634448623659
0.9074039291822855
0.6296231328414768
0.9207406979083502
0.8377683418317047
0.7496788352056287
0.9322207398496309
0.9474613722431213
0.8606803798163509
0.8752365568382223
0.9600778325774763
0.9304495765515205
0.9824034665248219
0.8809682532042771
0.9485939626328902
0.9530963879767583
0.9201651003805859
0.8642503962007271
0.5008564568038237
0.9400245302444514
0.7829827640062972
0.711576281595634
0.797631022179655
0.7942362562428343
0.9029550266969366
0.6217370840901267
0.8764696538969541
0.7776008616226044
0.9521353005673442
0.767522011393314
0.8580511103592006
0.8994932973392145
0.9708046320310526
0.7370460807120255
0.9126316130493843
0.7861828183859099
0.8753987565258241
0.9500143435940847
0.9712625502813094
0.9671596316492896
0.9102394719793246
0.788417613612228
0.8907187126488548
0.5901633911002927
0.9061590402174368
0.8466216613094499
0.8696027318382356
0.9679623255762229
0.5505221211549117
0.841726397783296
0.8579416621097348
0.9009387593032878
0.848982678369992
0.9725317690091402
0.7016014109939372
0.8458287469005559
0.9419741393148814
0.9802764789633692
0.9347387168146872
0.9337025657049582
0.9140220663075739
0.8659547261764877
0.9087211461657071
0.9343344050171379
0.730945018058367
0.778561749354923
0.9425383556034778
0.7561533411749942
0.9328188517700938
0.8727651928104817
0.8032989679448221
0.9717487196371781
0.8250674615608735
0.7452448735341618
0.8553365257394074
0.9403387082291622
0.8467167422131354
0.8877517539199753
0.6610263889738326
0.9297075260789465
0.9318196015793123
0.900849442098205
0.7088548281326091
0.9394572639383568
0.8781031209543899
0.8881771939050052
0.9378315587293504
0.982073364214571
0.9762923884844534
0.9547632624840657
0.9033453367281902
0.9461953828896514
0.8556933054566788
0.9736752179708076
0.8324556639140117
0.5878155714833614
0.937607093628805
0.9286431836048181
0.599845703323922
0.6536548212025173
0.891075446241446
0.7247389664192632
0.771923589130838
0.9719250305099187
0.9392530661958677
0.9440439082610389
0.7848855824359132
0.6595607069638328
0.9674756767487941
0.8286899047709808
0.8821378619344276
0.6738619411661255
0.9659103657750083
0.906674956514787
0.8511896036441519
0.9081530843374088
0.9117891059951801
0.9205604228656626
0.8575605496527298
0.9198854293424709
0.9298132697156191
0.8619428376102344
0.9388579513443066
0.9213668338424065
0.9001857852864013
0.9722401657250193
0.8794087360135295
0.8538745065419581
0.9558063705408336
0.9568805792117315
0.9430328817058223
0.8780574308059979
0.9301218956036245
0.9931585488289597
0.8827889033076388
0.729625358766219
0.8826647571635879
0.9127292977085439
0.9057621719033884
0.9681274548296503
0.815644943952515
0.8410625822807811
0.9446727680937408
0.8943111408903989
0.7547725655729681
0.8448656910680218
0.838315416576217
0.8996109165613254
0.9371813097127376
0.8250936380569317
0.9073149405272621
0.8642128182433386
0.876894363319514
0.9381789745209611
0.8758098716778265
0.8558011471762331
0.9882296616108737
0.6049125395935941
0.965904479139574
0.7851725283873539
0.970851758539546
0.7065649743982113
0.7089578550127229
0.9485472794354918
0.8605073028151813
0.666813936893961
0.9517409424268725
0.9604298798442525
0.9634067564336254
0.9110637561454141
0.9461379566738118
0.8819632789743607
0.7872151735050457
0.9498620752727798
0.9076894087144113
0.7758362203663486
0.6434072608150544
0.9129830344491292
0.83720277285119
0.919180121249495
0.7616424839813996
0.9166739919284683
0.8344961314694154
0.930525859527144
0.9648429156568931
0.9754998372371723
0.9099989957924927
0.978745372184771
0.895963538675321
0.8583189364034145
0.9153746065092633
0.8767801152607413
0.9222147938118295
0.8515964536923806
0.917875217088499
0.715831142268241
0.7559745478322669
0.6083368519569482
0.8587943508824487
0.9551590017727608
0.8660622647436158
0.8789948513273644
0.8074562020567636
0.9174438049929027
0.8618359983667203
0.8919650719944282
0.9480142756860942
0.9615895710378014
0.7839998490323347
0.942875137064478
0.892032318872618
0.6979988220493933
0.9677189054843013
0.9082523420389181
0.809398809741143
0.6949760512495717
0.9787956196279326
0.7336069261439578
0.7085790361494299
0.9236631388820571
0.9051588540683693
0.9539548713992483
0.7651811421125573
0.9618638036735039
0.9169536101994071
0.830501339120801
0.8704358530237749
0.9077100823688716
0.890452373644984
0.7912427582935584
0.7366093552233453
0.9192242790162772
0.9431368251482104
0.8280109700447991
0.896909181626734
0.8911702724631765
0.8740983444618877
0.9048204104442165
0.9653496575032452
0.792929012579809
0.9204921542968474
0.878820995075108
0.9426386953756622
0.9484146818910357
0.8853743276070126
0.7933718648226824
0.8615820361856077
0.939750416726599
0.9139040715638951
0.6871315915653559
0.9417093117029172
0.9820136352597657
0.9233419636494468
0.9717132701955018
0.9217922590789535
0.9427748598489052
0.9630213282726557
0.8469091669933763
0.8990768646413457
0.9280206025358609
0.9175546291497495
0.7939474510017703
0.9342954303318242
0.82036834806791
0.7917519128297207
0.9562418302514188
0.8278308771053478
0.7972691001712908
0.7062436496090447
0.8893607803483975
0.9644031857056332
0.9412555587927726
0.8090297840623627
0.8770460805079148
0.9441769182963864
0.9427995636405756
0.9205601792084992
0.7372021792474336
0.8201955513002543
0.6687974697674183
0.9931217426238368
0.7754579649090968
0.9501923558858237
0.9143869314358997
0.7478857004281919
0.931029285167098
0.9152609605465459
0.8560825813933587
0.9087076742754516
0.7358006374928338
0.8370752971527744
0.7912160246032696
0.9543726642170901
0.7370905258777493
0.9476976139690275
0.8316293504835018
0.8270677975942375
0.8711276414061764
0.9024750378318929
0.8942266162687303
0.6147456173192597
0.8708051022568091
0.9606799829145545
0.785945167061185
0.843193155081064
0.9117533242085543
0.8628962824497785
0.9568111499040332
0.9526185061037721
0.889871297155462
0.8557612942823613
0.910357602377021
0.8627951434558391
0.80225619371703
0.8944910703528999
0.898375404117832
0.9782434329052385
0.6396736980813987
0.7361431504614417
0.8546849065740121
0.7693327368303314
0.9277974584276
0.9916809388528848
0.8080822045707248
0.6424200907222738
0.8996992692153901
0.9233816391194674
0.92041853390669
0.9635720727518827
0.9619850766431659
0.9467267823864637
0.7810841113364998
0.9837492079243282
0.8731740361806756
0.9618411109838111
0.9839666761430124
0.9571370626048695
0.8841532517125468
0.8292375478894943
0.9646633061156631
0.9215448252392419
0.8372681724248596
0.7161692249172905
0.7033854671783943
0.8926807666079929
0.9164302632324914
0.9145946574549647
0.8526365892965032
0.9443271248206848
0.817819324135265
0.9340515497498232
0.8741839649612451
0.8710112549141823
0.7872558852691103
0.9667929790967841
0.9345430059501211
0.7932067521833478
0.9113663649347314
0.8312088946753093
0.8571886076918916
0.9546663193401327
0.8810970809482719
0.7680349902132388
0.7505431129447281
0.7126453667656909
0.9647868650132686
0.6308537325177471
0.8593955024038933
0.7375406252898931
0.8737723353953791
0.8599395174736385
0.6134065106145825
0.8236005948823237
0.9449756845180615
0.910653541960184
0.8860740250242349
0.951728226321168
0.8446141758395548
0.8352152487362251
0.6066456201036092
0.8404296715037757
0.910464205524478
0.744507565309573
0.7528461276538593
0.9314258500538453
0.947908152654959
0.6926555053561052
0.8887729215322501
0.9223822268647816
0.8173929205480096
0.9201521790451693
0.8032350380972693
0.84007200756609
0.9618610097022104
0.9764684620298599
0.7697281512250627
0.906114666998047
0.8451386786232283
0.9533095769258229
0.8931815594232888
0.8766854935227659
0.93068619253965
0.978660870052284
0.5782140622785963
0.6679153703138336
0.8649419634314061
0.8958234988907583
0.8765481111567798
0.8482407536166929
0.9544314895108912
0.9322690674900913
0.89787891631681
0.9662798122766915
0.5243775759520727
0.9126222024867433
0.971938807069058
0.9081090895238423
0.9757795901103056
0.8606775490242167
0.9727129945390679
0.8478638405615775
0.582279691046628
0.8550444265350731
0.9751939214978043
0.889401270676701
0.885613222059208
0.9422480295916321
0.9205449296659515
0.5906453554681332
0.8802613319423591
0.8718857795980148
0.7513658152329835
0.7853925842260824
0.943649920937368
0.8876010031580795
0.8933583223479759
0.832013312842753
0.6645761949394118
0.9421307672016543
0.87569928822371
0.8282965025970763
0.8687701668025715
0.6878454066864085
0.9556372539930076
0.7573348413576605
0.6579450406000762
0.9171768104728316
0.8675367141666513
0.8655658794987897
0.7937920349601234
0.9711347939717432
0.9395618519552311
0.8802987112416242
0.8756899400626462
0.8325880379154512
0.8992016604947758
0.8996771027265383
0.8617806216928854
0.8208234558888403
0.8757648969340596
0.7495227512095275
0.9033313063068599
0.9754626467133622
0.9623217665616325
0.8141601166115988
0.9886855346197487
0.9673001247381293
0.9180385251567822
0.7763340774859409
0.8823193981717847
0.8653139711454688
0.8551865498999242
0.7480737669841081
0.8275411914514746
0.6173038334686933
0.9065889651855978
0.8069133400345658
0.726570594253399
0.9272187670137133
0.9060686099021111
0.9494397951211823
0.8387502878787706
0.7271187203902609
0.9482964083927224
0.7261654434054453
0.8125630747362108
0.8519624528488255
0.8755269672145257
0.8521307947849309
0.9431070341592453
0.8268163967218766
0.789121201837358
0.6623482299679527
0.7908501628014089
0.9142077932968578
0.9459224361173231
0.9113363738004842
0.9029710349407238
0.9522054054404182
0.918770921314056
0.7119115330140755
0.8152612089185511
0.6901498467507483
0.8991761789569043
0.9606773199247363
0.7944265177546579
0.9742941922233239
0.9578823175373072
0.8941694259922048
0.9440807986131098
0.6741376814195136
0.8997759294187482
0.7372707441217251
0.9008899174379034
0.8529400995434278
0.9249918540084723
0.9165495947910857
0.8247163881892656
0.9547368014642597
0.6503692167903481
0.7915284718557428
0.9808416875232454
0.8130230309117271
0.8504542573627314
0.9208922961483265
0.9529091990020563
0.874754339889148
0.8651201815376152
0.8498573547108755
0.7552130327977975
0.8632084095981347
0.8499238082480951
0.7347895685037228
0.7417128683640627
0.9309242559301301
0.9381149883167035
0.6865875335663297
0.7050548753847315
0.9312596010682257
0.8411278502766069
0.7361881480430306
0.8212626208474156
0.9852114698461075
0.8234040362926457
0.9011330483332494
0.8265406775447772
0.915916241992722
0.9324383412957206
0.9139316000091345
0.9170468393957536
0.8921340541255629
0.5654632374555543
0.9135409080852074
0.8463501709790466
0.8345048851936482
0.9380785292810682
0.9352111496189038
0.8761631909897455
0.9315086641137501
0.8533046222941539
0.7171911110605047
0.8813827741669323
0.7599459556022748
0.9400361626781224
0.8181300401349051
0.6862501837327896
0.83027570339597
0.8701083019795826
0.6885318247672289
0.8419931611017422
0.9073116075545048
0.8401237992806833
0.8335227088510568
0.7644433109819855
0.8632662859516803
0.9191340197611938
0.674069544756541
0.9251735178074225
0.9133989909858306
0.7005755509372252
0.9434967005231082
0.8942056856542394
0.8209629264119673
0.9711468768596537
0.7293679312919705
0.9591793755207677
0.7332140820914689
0.846863810271395
0.8666605235831402
0.9338069431841961
0.8772971589383312
0.7673904901433466
0.9235277324406844
0.8696371415307951
0.8542731495930119
0.8212800033121388
0.8502577092184462
0.8943961159704662
0.7079919276807065
0.9026749786746104
0.919611333940621
0.8930489971063926
0.8040827516873414
0.8638774395574482
0.7762951704722695
0.6839496925299849
0.929470023138314
0.9444844119663135
0.8253232101767873
0.8484026588246059
0.7588159870967213
0.7887261622519718
0.8255683944746538
0.8908994242984158
0.8873406393541063
0.9338270291656425
0.9175078777854457
0.9761835358230424
0.8489939094275921
0.9732439451890815
0.896240718418576
0.9263034395558489
0.9700144830706217
0.9205754782328566
0.5342480970267041
0.8896589588257593
0.9515314649621077
0.7956373041872475
0.9511623239553407
0.928296253023517
0.9296320601288764
0.8770925104956833
0.8596213841993143
0.9617316270821381
0.8486508329441701
0.7905816298519802
0.8506261927262784
0.9015721679299938
0.9239825889786337
0.5324643946815387
0.8328666032442185
0.9095100904414449
0.7672931944841961
0.9099690906594532
0.9148865581724607
0.6785770717753006
0.8058160479640989
0.7922445231930997
0.9477970021313539
0.8144967064721683
0.8818090558086225
0.8986535322455659
0.8669151735144905
0.8560321417774162
0.944062272331787
0.8342412667969441
0.9785017687947477
0.9350729929856227
0.9760783844629527
0.8594263914159418
0.5162873433127548
0.7767583706344214
0.8458261039418674
0.9311765350524794
0.9212940973857553
0.9054746980080159
0.9088789865446109
0.9740208867270913
0.7560013817812198
0.8931513411151095
0.9815357606242174
0.7538043225237779
0.7736799719607235
0.8999602826381121
0.9650924353445941
0.8980432692968575
0.7232945055051133
0.7241029804011526
0.7752751474664857
0.8728037719923328
0.9531264391303023
0.8335361601046509
0.9658056094450229
0.7847208247360246
0.751580209300845
0.9347200325176644
0.6294832747327553
0.972846575284016
0.7174854856361346
0.8927117820379358
0.7427702807530564
0.9510656505418783
0.5888829737127868
0.8668382129245795
0.9456165329063707
0.7319793695379552
0.989068878741427
0.7186202813461685
0.8798090031524465
0.8073930851455592
0.9812235081527423
0.9503418845862046
0.7283473771828651
0.6158305774375701
0.5215003221864617
0.901192588980302
0.8323868881238181
0.975193987878938
0.7428542559542228
0.9242588411460957
0.8696245930049632
0.9094417709229494
0.941100774396208
0.893925733085489
0.8352999625218581
0.824809156803585
0.7926512771720841
0.9067686179540282
0.9090847605965006
0.8125148875373186
0.8683611658395015
0.8871157334265228
0.9464356627079343
0.8291923814111549
0.8523295435296777
0.9538891570693854
0.9148125518206174
0.8295175121981555
0.833552133620738
0.9478997385536445
0.7985010024975583
0.9145932828141426
0.660081470903876
0.6625602327990093
0.9449883174969984
0.9658258191356646
0.846851054172244
0.6433168055080324
0.8896531871438047
0.8613302030546846
0.9705257885215423
0.8935067044850795
0.8750244865395167
0.7584688362052268
0.8848055365315493
0.8657119823649536
0.9150313883797079
0.8557405145873825
0.8230992518819084
0.8363749792543312
0.870486277122535
0.9851860947209838
0.7734365998869258
0.8589592038138096
0.7908522475407677
0.9431560514240468
0.9263718124631702
0.7497035369275332
0.7668488614636447
0.902112718755034
0.939440877954443
0.9560573693726007
0.9118263732265723
0.738762931565886
0.9033940109401186
0.9597272742987815
0.8062865507071963
0.8254548893404834
0.7050632143038216
0.9238712334882562
0.7405656128362859
0.8570245620044175
0.9417531557596186
0.7019707866297438
0.7996516480274811
0.9039656633965836
0.9028170035271752
0.887495158028498
0.9013500086085301
0.98460355901669
0.9458732728053657
0.8387430450810088
0.9654854951911086
0.8561774889520998
0.8057432750727515
0.859731689845032
0.665123083471485
0.926953676454101
0.9527696913650173
0.8641616082529252
0.7218878680341397
0.9649160715359189
0.9787858170418225
0.8600625224203138
0.8728233673338068
0.8819273740817481
0.7765574558443706
0.9239721002265087
0.8163156889073655
0.8202396724816929
0.8635633250485321
0.8781124890218819
0.8312791986332038
0.9164640437916219
0.8057339788266916
0.8936979324481572
0.9002611737324311
0.8160738991290244
0.7925389056682758
0.7042800104656938
0.9427440145535979
0.5874379838311041
0.8708451907360103
0.8826240663069446
0.9212409861416652
0.9251568781865414
0.8572891403129571
0.951877398277351
0.8886316492104228
0.8495844248408694
0.7882928780470725
0.9081318895361195
0.7994709101104118
0.9479528054407135
0.91131189946453
0.9078954713690123
0.8548743319508655
0.8572435479586702
0.836033614920192
0.7249127763632847
0.8678689889481747
0.876157309734339
0.971472442370976
0.9464457319478085
0.9574885419762327
0.931640559513776
0.9671634841928197
0.9129771988929042
0.7558918583472178
0.9874236700683194
0.8809005877277973
0.8266094491448647
0.9676979610132452
0.9317180340540185
0.955567074447268
0.7416187321706853
0.9905334693254472
0.9213263561991452
0.6910561574348312
0.8685289333288562
0.9299484040471074
0.945015722645525
0.9191823890689148
0.8808794411101366
0.859718325505496
0.6229832906943986
0.8817749477670161
0.8859153999689234
0.9233474172149957
0.8689565244884929
0.9102559982182921
0.8941306935409212
0.9428263007564023
0.9630749491603381
0.9609433439510235
0.668803372358222
0.94023449484395
0.9329637095938621
0.9430138949113104
0.8518715230829312
0.7751106040830689
0.8455375284730225
0.9490430930331993
0.9937231661602048
0.8616463213842899
0.9006557896066979
0.7816967835173015
0.9681611027808468
0.8708313804392888
0.9730610962597966
0.7871519284113383
0.9302020475821181
0.9354278777535594
0.9743891131459156
0.8543121846450167
0.8763830115787807
0.8718469156096702
0.7909573372157513
0.9174989408434576
0.8305826053582576
0.8589707633350073
0.7798855104207528
0.9454854355233727
0.6709889395332146
0.6531756299068672
0.9149136314888002
0.7907685279785746
0.8765706965020875
0.8893780513800896
0.8886094651980152
0.7125840702947882
0.9658701149379485
0.8655488560981239
0.7263191953658976
0.9193826384965768
0.9182970118172241
0.8429233090410058
0.9020835462170307
0.9198341089633557
0.8723735317562635
0.9080200839552011
0.8786874385783792
0.9661180121042069
0.9162889394793692
0.8414383539224364
0.7590296288651955
0.7365613031439693
0.9495786306361058
0.973274811576761
0.8944775331293567
0.9337375953140075
0.7600150407037221
0.9215631060799875
0.8448064921087951
0.961720204938921
0.8123872437958233
0.908401868803608
0.7568648449568373
0.9737302551740541
0.7980366391838126
0.8522998260558454
0.8424343507290963
0.7219675998647564
0.8738914707248251
0.9361827831382349
0.7070339230862628
0.7328961751837224
0.7469789981998036
0.7988307531489602
0.9286960303274614
0.7775934479355722
0.9224677526020527
0.8819156115480129
0.8555261263556402
0.8526920823653518
0.871287927255907
0.8702834126121025
0.7791133627185453
0.9512708646594887
0.8904298877917809
0.7835440418785999
0.9204869255082456
0.7685920026140549
0.897045127498383
0.8148995972851402
0.9699048295812661
0.8819396415807969
0.9332366105846998
0.7363041402288267
0.9471874748230917
0.9033625840469154
0.9172199228843404
0.8231225687262768
0.6043770979391765
0.8014032165101882
0.9134655056106549
0.7039611013509492
0.8951966681236487
0.8431373161677362
0.9739516149877737
0.8763828341136081
0.8034027439648944
0.948522930445888
0.672005531559217
0.8491503541182049
0.8378685965729673
0.9467101895212138
0.8003679161146802
0.82180462127658
0.9281995854518151
0.9665656887605112
0.9283319179522083
0.7143621513644253
0.8407319194041863
0.9003865287473175
0.650659192311634
0.9472037276289611
0.7567769969691222
0.7390802644737419
0.9529958879843604
0.8780939092294917
0.6844642057841946
0.42046304536202633
0.9815317105909168
0.86107503267845
0.6837377701451577
0.820290030071378
0.8939743547744113
0.8340892442180772
0.8551408169528767
0.671165810929439
0.9485583893883105
0.9210814397557162
0.8739231350518937
0.9551016632635627
0.7954312030807429
0.8827482295996295
0.9687706227855614
0.9662844088198616
0.9605264036188255
0.9115603886543207
0.4946232253092423
0.7785975894974294
0.9632836295681056
0.9689753626372603
0.881276599435271
0.8972673711760134
0.9574744538187316
0.9746583250820928
0.8234263789983818
0.8651800221572942
0.8050151512384915
0.8033474901530423
0.8672888808680088
0.9265317894227062
0.9092470720013084
0.9042398626093862
0.8206338679987116
0.759646929341599
0.8630345153514647
0.9537657150551813
0.9428658640397188
0.9235909242038339
0.6197185654877858
0.9665221612828919
0.6382997238607704
0.9666047691585063
0.7853796331843296
0.8667289715969425
0.9055495686138759
0.9436508402674254
0.8479775038064343
0.7521087979334786
0.7616187099922826
0.780659204253692
0.907927967128032
0.9236587373856302
0.864400053993634
0.9367852657092476
0.8941245407713702
0.9522922576665231
0.964219639819836
0.961621250625478
0.831414182503457
0.777668897511565
0.5638588413981782
0.675339648060112
0.9504613221377795
0.7259342267127429
0.8660387846786222
0.7587611225373255
0.9764276773961962
0.8581337469283533
0.7954364611118575
0.7390938635853019
0.9744121986193626
0.8951373799900647
0.8883538944165147
0.8428070595566418
0.9499500984868654
0.9152434505348988
0.7856124629296743
0.959252316336738
0.8609788375828303
0.8821717738169288
0.9183374427317678
0.7260358909931224
0.8531608747881075
0.9548892090691405
0.83477774634334
0.9632415977756534
0.8348183631743069
0.7783383082600317
0.8482310004259357
0.984395630547057
0.9554443700376573
0.9069447730452999
0.9150181921631747
0.9183527651365019
0.8072738252158232
0.9434821145498388
0.9517873888148827
0.7895128524760572
0.9054625432591827
0.9655779238285295
0.8957717954430704
0.8672818324922696
0.9256982069798468
0.9534320492426973
0.8029283240833233
0.9193845472106357
0.9413626643810963
0.9659036884641535
0.8395798601966548
0.8887282745964604
0.6689051309352946
0.6932351346945906
0.6197689655856048
0.7797802883496471
0.8474244788491595
0.7177185131600017
0.47807342347688225
0.8812560437799991
0.7740359411964658
0.8598209144457075
0.8025849903529526
0.9817058620952629
0.9770826966585842
0.7762540609858151
0.9549638075581146
0.8721949358941574
0.8477128920457265
0.9440294326986161
0.8847663690048282
0.7606468145576011
0.941986101796913
0.7593622101488644
0.9510211379799333
0.9824569968341849
0.8876002824901109
0.826687538827208
0.6155066523416275
0.9509623233489112
0.8403055229647117
0.45395037093330903
0.8543761721715992
0.9523835022840687
0.7933434890624832
0.7839255455194792
0.5532491451366709
0.8140846693844852
0.8890365315525636
0.8740465951385243
0.8860208571117761
0.9508560709907123
0.8066065457542503
0.8618128468969126
0.8192892019670317
0.9341668876190168
0.9307276199457738
0.9630956059629492
0.9167052850967843
0.890740055234745
0.8574412913311736
0.9298172108350361
0.8753634714057186
0.8404367618519263
0.9337175227274315
0.8791243339846452
0.8264949600127238
0.9181983802041803
0.9157378245410787
0.9523628333870947
0.8897031289728304
0.7963122139984716
0.8537556501700526
0.878015084560514
0.8522442042275005
0.940275259890164
0.880145339532918
0.8106737435417725
0.9518523299018902
0.9143248992511961
0.9537786260755301
0.9736058977372843
0.9518784137983678
0.7697284529629055
0.9086344376743384
0.9511657967091127
0.8560616863193325
0.977996673587527
0.5728796386106982
0.9280746946931822
0.9368575027410354
0.7670801759267306
0.9842510571830395
0.934815949090678
0.9597004836688953
0.9160175472451373
0.8983426369417556
0.8764461247478726
0.8689520696938933
0.873001677309253
0.899512426002034
0.887414707326567
0.7844801804169637
0.8145094952047072
0.7635266194083618
0.7802798940155482
0.797031790342277
0.9717800202406628
0.7878712132319415
0.9875589184415994
0.9279815923109793
0.918060830919599
0.9121955872184463
0.8709606831106214
0.9236760404574768
0.9028730915069809
0.8780461618876412
0.9093297725204644
0.9474624778867924
0.8771427251650277
0.9010028380208522
0.9071473335505748
0.9613294034947851
0.9667409734266383
0.8924265639715325
0.8444635058307131
0.6634456432192954
0.8627913587980851
0.7498296717538961
0.8681596707883051
0.9809150967001532
0.9631686900148824
0.8129411441911276
0.8146340729060805
0.8603967510696707
0.8432674880754243
0.9377863181724876
0.7730618278685254
0.8269608248507737
0.9755306112834811
0.9089252998482239
0.946973019430759
0.8266658802738197
0.8347036502525974
0.7613686038604396
0.7992814234859864
0.9717348215710103
0.933072026039691
0.8198702078176099
0.7225838867867673
0.879164795285424
0.8789313545989884
0.8724581220265937
0.9834675981512679
0.8558402827038115
0.9558760054150202
0.9084759336269884
0.8629662921388432
0.6835721883492197
0.8621853577639692
0.9738918843658076
0.9485972778076357
0.9352856355390639
0.7382907287699209
0.8831742257204529
0.9490944178530046
0.9047703367121832
0.7689100387970392
0.8971402650658942
0.8593298078471726
0.8644203051776226
0.8169120034179134
0.8205417756097304
0.8147226407689069
0.971681519423651
0.9424776776380304
0.9797852784311619
0.9673003787948349
0.7583605401758925
0.9766086038874935
0.8875514090324155
0.9880307914669787
0.7479048981873938
0.9716733884294301
0.9681006759725342
0.801888737636205
0.9231185546944383
0.7557726708829149
0.9059795980931031
0.8426808072119223
0.9519482957558191
0.7185567051819376
0.9661923754863708
0.8017437673103538
0.8773741868915009
0.6747094752601382
0.9180383819289127
0.8937137277521261
0.6246686295605218
0.9287562856918505
0.8980613646238643
0.9783052074145809
0.9108337462780977
0.983166851838272
0.8511120812965018
0.850160951445509
0.9760095258551709
0.9029834682948414
0.6680620576071542
0.642444480298248
0.6459228634493351
0.9268345901272772
0.9934926941316162
0.8408416330621302
0.5960494839773033
0.9837300194382664
0.8283216378580986
0.8821739188017009
0.9968104116018074
0.8314536585923431
0.9480644083742201
0.861041569375848
0.9201978701099456
0.9052473799005897
0.8196670778163301
0.7960128847706857
0.9149901628715349
0.9362052203079004
0.882313378450363
0.8958050603775931
0.8186252263185518
0.8766645794148817
0.8626292327594756
0.743139201231552
0.7275385676843477
0.995464802763736
0.7651251387049719
0.9031695240094705
0.8736711193278238
0.9982022716131763
0.9450125861996688
0.8372889386017268
0.8357674237437707
0.938280367292665
0.798925218878173
0.8904787772019143
0.9894080132548869
0.7775175692399225
0.6769987749914276
0.954391993000435
0.9470651842796249
0.960772779964909
0.9437925335591372
0.941367631171657
0.7187783849216288
0.9670431120560962
0.9474008447712758
0.8795570857980162
0.9103945338340571
0.8713126622997699
0.8900524675697367
0.9734482028920475
0.9595793639713844
0.7275252778272642
0.6298807587822071
0.6518185307069763
0.8563519681167896
0.7742568540413838
0.7885489113441815
0.7543826864023977
0.8432596587543321
0.8948167338872857
0.8855157424832073
0.9443095389607578
0.9565009460489404
0.9601370804925042
0.879311356538191
0.8374926971584089
0.8880689136579831
0.8175200422235478
0.8264399782222355
0.8964951775353014
0.7351943055168596
0.8377777644603233
0.7931272344919092
0.875272478475679
0.8281864083382325
0.8025835405447606
0.6111747953971008
0.8970164385408512
0.8927404082847132
0.863241087687098
0.857103607105973
0.9009312387220517
0.835114199332267
0.9363287189191509
0.7531129591448358
0.920255093513801
0.863905981832254
0.8193175352956146
0.9751944610374552
0.7619621418313027
0.9226565250412615
0.8802266871961729
0.9356090133632303
0.7629371543340935
0.5161630551653194
0.9701045687671468
0.9411696364232192
0.821410072465942
0.8570332018747908
0.8449509483485652
0.824618763280483
0.6133356681948455
0.974267275141046
0.9091867315667933
0.9115869353306394
0.9563699535198554
0.9683952917130593
0.8841632827670906
0.8425658744939619
0.876990784034308
0.951010730734639
0.8202735769846183
0.8189027510670972
0.8133368969603445
0.9385435515200304
0.7420867023613772
0.8765699088548135
0.957516407164209
0.8945148134910553
0.9136962497586194
0.9296930111829481
0.9457937997915532
0.7186930824018659
0.7899480036235271
0.9649890366688283
0.7251717935415428
0.9185004364348613
0.8463172549218596
0.8093888951423219
0.7914235882020693
0.7919344350473481
0.8461168919189551
0.8767771015167785
0.9279896968034858
0.9032443781489085
0.9207760326629222
0.9028387723190413
0.7065222167088917
0.5552955150414707
0.9231120671467402
0.87213988789541
0.8801539940788476
0.827243703452434
0.9633598248441139
0.7339676362720612
0.7877987069990339
0.5752123748998351
0.842911012111756
0.9277175222879374
0.9233805767123141
0.9554148197378846
0.9780437913594997
0.8532923553591812
0.903681420765325
0.9019920900055273
0.975420130388226
0.9335677944276821
0.8883807440938352
0.8763607713066489
0.7441371675810647
0.7040014394425046
0.8258981603554113
0.8107588650620497
0.8965198804963316
0.9002830195410598
0.823657140893814
0.7474351033905116
0.6932774954289311
0.8515831751074753
0.9389952023142263
0.847766636380535
0.8038376171579252
0.9099609611906223
0.8158753642866193
0.934356382092923
0.8350420586151136
0.9236072794435959
0.9251444880792478
0.8695015725837142
0.9195277275355527
0.8163894435446903
0.8557238812520379
0.9400349988430171
0.8970174293425379
0.7940345562619643
0.9561898761940901
0.6523421814731861
0.8964788530900811
0.9535083738780222
0.9012372305645403
0.7126561912434275
0.7042310294751444
0.8305776912451922
0.927544155908828
0.9088331504785591
0.7881258112733488
0.9892321168304095
0.8954479080830119
0.8788414891993142
0.929337252040209
0.9905733359572355
0.8139987704237295
0.7961616674610063
0.8630782408571062
0.9466559689474544
0.874060819972723
0.8690390093789245
0.880746072063445
0.953668570949483
0.8734991898457976
0.973174769807099
0.7778579319210273
0.8074999111831419
0.9782870258672441
0.8878170104249992
0.5801233211088744
0.9354018094819695
0.7535994508006767
0.870124320169554
0.9566445132615095
0.9822202745712858
0.9352124560190974
0.8745493366329443
0.9343060096979471
0.6647659666930633
0.9790201972300921
0.7995855912076838
0.8519635593400823
0.8195907126967583
0.969677618940519
0.9737574801898561
0.8848541580097721
0.9369460515273463
0.6840442993086704
0.8743850666386925
0.948831033360875
0.8286937964126374
0.9250603894293904
0.9651086123169439
0.8963691747789085
0.902185052063643
0.9250464679687298
0.8420621077420674
0.963720168955127
0.8925294415766646
0.6572645074087327
0.7674087307671972
0.7844825216096607
0.8402944398072107
0.8722315349588252
0.9127811856932955
0.8714572638222958
0.7470954435412721
0.9159996276866442
0.8821717163597338
0.8035033445044425
0.850697413093978
0.9275754863278807
0.9449090941304844
0.9716155584775781
0.7901097655069916
0.8874770216488808
0.7741445650197126
0.9180911628266201
0.49059674570706174
0.9067182663021811
0.6840489352373993
0.8327931087070226
0.7514464347075195
0.6178374977333555
0.9144969584934965
0.891054098090048
0.8579818885686363
0.8883898452224804
0.7835963900646952
0.769313271772868
0.948977018850682
0.7755387971419024
0.6307519839036634
0.9530244221904876
0.9336762966690343
0.7885830407443738
0.9546537089875033
0.9506737552573018
0.7523885305636302
0.8536769833173536
0.9549073089344806
0.8851617042615827
0.7321831112441574
0.9858099259531165
0.8022520428723745
0.8485559774829013
0.9320524216383336
0.8068174918454477
0.7174794107255712
0.92641964344375
0.8683911590979505
0.8974533937527296
0.951480263948275
0.86842051248897
0.8938784132701915
0.9259358630534934
0.88580747207518
0.90563393431159
0.8356884203021909
0.714646630770749
0.8626199784156304
0.7570291997774732
0.9110220551980709
0.8812223549844148
0.903284032101513
0.9116658433424195
0.8558875891316978
0.6013656287814891
0.9417188360249028
0.9632876827006067
0.8397636593320428
0.9413203302643592
0.8014854102639145
0.9729748660024347
0.8915896924050931
0.8097129102643049
0.676665566242496
0.7594649173497919
0.9045838577692088
0.7750394505173032
0.9683622924941403
0.9202434838481988
0.9732185743017165
0.8531751326661671
0.9808022176896563
0.9016461440623167
0.9476414499298511
0.9585573239407253
0.9259387872787982
0.8888115084363073
0.9617099982997812
0.8899960129790764
0.5719830173198006
0.8852812008286517
0.9018571719044162
0.8259975979881926
0.9277508712161225
0.9455283377564161
0.9684553103366104
0.8399909970611045
0.8551391078663932
0.8917604534549525
0.8022115484286652
0.962195486716687
0.868108095221074
0.9205627489436405
0.9215606430944462
0.8980208687249913
0.9291299719774644
0.9183635248864533
0.9644553455514536
0.7950889965192433
0.9757161640845846
0.9300150208508902
0.9202869187834984
0.8336945879525012
0.7581643992360251
0.8501925097874641
0.8746822384698283
0.6134558715005266
0.840827600240784
0.9440612937005092
0.8316844390354675
0.8868363966335833
0.7406514143449687
0.8407032878479725
0.8771604455066462
0.8719070669946399
0.9791780101336309
0.9237572474480817
0.9950468944007688
0.8409399659016631
0.9147406203669353
0.9530934388822726
0.7797271521442288
0.9018314323365767
0.9606953667249682
0.7670062103099973
0.7023718694813119
0.7082931492626569
0.7825394246864122
0.8282767559468053
0.8922292852059479
0.901034764586337
0.8793348114307666
0.960067153937675
0.9563051743041664
0.9345796008513498
0.9729432820608447
0.8793044424928599
0.8763075409258543
0.8840408116504332
0.9828683883226356
0.8400643917100492
0.8897089414869778
0.9396632917005471
0.8863823831579895
0.9394234350504465
0.899224298827118
0.7331382424378059
0.8623453436382411
0.9763879189035085
0.6602467789018329
0.8583574972109668
0.8322796319864203
0.7715133542346398
0.9461566211474395
0.8801699667889678
0.7913559485216922
0.9075726122518775
0.8718383277378065
0.9240173722893267
0.8574493875706405
0.8824157758193558
0.9630897992524747
0.9666119083698973
0.9120769398013895
0.8492273139119609
0.9369040006471661
0.8699158646133787
0.9211027078828591
0.8613789602593371
0.8526760679614127
0.7799699462124691
0.9142384375844667
0.8408757130471384
0.9371220436132246
0.8670157392271941
0.6340548805252534
0.9449925812293024
0.8446038806757712
0.643842070457662
0.6299760023217372
0.9665924332014197
0.954242695592329
0.8913232134626571
0.9368768839768165
0.864353436162265
0.9274422454186051
0.905099495869704
0.929386465252751
0.8829500430763131
0.7713303913902984
0.8084063125312052
0.9494877166981828
0.9275793028344662
0.9032945695388408
0.9227583781301973
0.9491754898776336
0.7458991753014526
0.680810441152016
0.9548710688106863
0.8784729204808683
0.9062127329273227
0.8733555621221878
0.8668642083497576
0.8175514776566676
0.8526421361761295
0.7836666846522182
0.9296472089720973
0.9527614425406755
0.8875717332310841
0.6472592410410377
0.807839799966402
0.7617464702522149
0.887062008032086
0.9438236204034034
0.782896127287096
0.8640243309845619
0.8855552432417554
0.7260035234555116
0.9330046553857322
0.9332672421596154
0.9245717647655143
0.8758824321927894
0.9468787978153668
0.6832371666354913
0.9163527802618866
0.9373957890106306
0.8352930715609015
0.9664465290328914
0.9399106465680906
0.6821031055501511
0.7962329081711961
0.7185635867546616
0.8177261154074985
0.7704603629457601
0.9414457105119397
0.9465060416407762
0.9305982275278764
0.756262517176608
0.8457762550805963
0.9929049378890875
0.7573183336859011
0.9800505341866639
0.9854230405748807
0.8935788843476048
0.9181569347344157
0.9917729420748569
0.9592824926993027
0.9543751342241446
0.8381871333041474
0.9436964923977039
0.7197001252103322
0.922184216738551
0.8615221529997693
0.9324269756597596
0.9296539985481194
0.9278193932182585
0.42208147774479227
0.9899835345999525
0.9300328048688749
0.9788368553383303
0.8665171107292405
0.8744541326841423
0.6626455038739572
0.9081031130441214
0.7104946472226211
0.8828823485939425
0.9659416235716282
0.9584089944533527
0.9346456636707626
0.7229694200801541
0.8760463019424007
0.9220612068549768
0.8565842107729508
0.7102283482365975
0.9066397460391361
0.950276674141159
0.8365223758924936
0.6136465932245142
0.6454499249553685
0.871894716270952
0.7834967164569295
0.7220986393789415
0.8901946424010511
0.819481662111647
0.8462460804262142
0.8701894423227957
0.9720812228164787
0.9020291936645068
0.8731369796412892
0.8497147316548667
0.6927932257140121
0.9455319146916886
0.8148672264710567
0.8458591341350048
0.9087485592143821
0.8591227781661054
0.9284041086245327
0.8783067856227569
0.9238839497045429
0.9617476227294861
0.9425424405321954
0.9715008819380605
0.9132367364499238
0.9734431429184358
0.83957415205834
0.9010086286135504
0.8983960543087764
0.9627036215269427
0.890020591244542
0.9583759427462681
0.9686896222164091
0.9262922614734235
0.8957884699482247
0.7644911131777262
0.6361156973568836
0.8999961713139794
0.8049198623126402
0.8355743484364598
0.9654268061784043
0.7605863391879626
0.9128046647406957
0.7532537227173861
0.8956639089523348
0.9205042020592201
0.9956728491965517
0.8862575996571146
0.8669609894116305
0.9515036014246631
0.9311591385992608
0.9642627910305593
0.9577602877908373
0.8861437885078444
0.8672740874045776
0.922048775763003
0.9475743024020863
0.89707436111026
0.8342112653606438
0.7517526384369689
0.8997950994298011
0.9103020520016549
0.8689675271992402
0.9831365772138685
0.879435400088795
0.9312738117469473
0.834924714402372
0.9066120564664926
0.8846692435280801
0.9451227599065463
0.7303705152003396
0.9558395094638055
0.774240488230932
0.909829974946381
0.8736056812491245
0.9255673017218106
0.8137799662243596
0.6020723210558878
0.9312277247819931
0.7496867817788447
0.9576989554298369
0.8717610619645092
0.9158967635274861
0.9067993212009988
0.8473145519904783
0.9454166446411216
0.8602715516099001
0.98147180650116
0.7578712036010831
0.9598682106378906
0.967727803532349
0.7719007261170597
0.926166890485865
0.8603588696084911
0.887660097563768
0.9413703635461281
0.7894402623962192
0.8848037032150464
0.7919413475080784
0.8499335300172229
0.7929794196752081
0.7104098577202476
0.9031866832481023
0.8446037528478959
0.6905977401003404
0.8583323719969648
0.6691793255779895
0.669529541259462
0.8460267612064349
0.8839367288166802
0.9681964752078833
0.8177441846216135
0.98730547411584
0.8912722944513879
0.967135670206742
0.8436717297163623
0.8324986844806285
0.9242587945650367
0.9852664038470417
0.9430663653040321
0.7896906243070433
0.88521438149959
0.9409638376457179
0.920599822079684
0.7394660387086727
0.95141124671691
0.7861078302234746
0.6857701692394652
0.9575261566173633
0.8798861041437634
0.7950041494521919
0.8685710719908298
0.9476458581412812
0.8982361095446627
0.5127598559837778
0.7898114920212559
0.9535123339557519
0.7063431311884054
0.7636633356193997
0.8517383803923793
0.696769462080152
0.8226952039308184
0.8176217015685755
0.8375256367918685
0.9229360143097017
0.8157445246992228
0.9704795291694424
0.8907205162596586
0.9616377956905291
0.8623245552213968
0.7596989239263914
0.8638089077194828
0.6060396940173975
0.9183534170607421
0.8293462992262937
0.8247840709902536
0.7040441720532499
0.8837904674129206
0.8639206797148993
0.7346759707733601
0.9688668902695888
0.9565003017304047
0.864941241383539
0.9214904283864914
0.941156188962506
0.7935161550600771
0.8336860331651184
0.9368935469491373
0.9715573972361604
0.7747217485463318
0.9462114802947422
0.7290337853801393
0.9382022053604546
0.9048904550284689
0.8258940086136297
0.9099799690738747
0.8451718843601804
0.8799775474184892
0.8913050580666304
0.9553884209826798
0.8388572966829636
0.9191286534524084
0.8673534850217453
0.6576271173821127
0.8894887470871329
0.8843665695934257
0.6696854483489336
0.8729297276789053
0.7949680609567651
0.8425012425883545
0.823334662000299
0.8632972233738496
0.9311372673317189
0.9667388636283686
0.9382986901490082
0.8064837819822864
0.9223009927834683
0.9373284460332109
0.9070041903446516
0.9052049832276969
0.7417948475623448
0.8500001753067797
0.8347905978164774
0.9174731298304448
0.9927146970755922
0.8567098511855487
0.921264434173995
0.9143193739066676
0.9028954990750152
0.9217168844770096
0.87293294269242
0.9429745951140734
0.9092832893818532
0.9475894147181683
0.9568652012601241
0.8981524854740687
0.8270394399252767
0.7812906413900124
0.797564167503035
0.983191133338455
0.804392359858016
0.8631644286668774
0.8628601379819704
0.9724606411463298
0.9672700775699612
0.9591596324204213
0.9632441504934754
0.928403266670787
0.8710764035341678
0.92972789819858
0.934482209755419
0.7907659979513589
0.9470163118140161
0.939748135699759
0.9298862237451063
0.9425988023325115
0.9345360930393298
0.8083803958814808
0.8996007794199228
0.5041925735787267
0.9061664244678254
0.882179817038657
0.9294227857132001
0.9247341251386761
0.7236840614927881
0.952037531936721
0.8050784441519513
0.9862707227242481
0.985891515794453
0.930600871607847
0.8329802375777692
0.9091665438898153
0.961125441862396
0.9729957132790492
0.8946110353772329
0.9151396890160147
0.7581661436805519
0.7950656797194577
0.9100449439008139
0.7718359221699366
0.9336292523250951
0.8444511106167325
0.8118464340114089
0.8332326577238639
0.8466344042104843
0.7414617069430414
0.8789114111404005
0.8536465832975956
0.8884166372345874
0.9356440316959315
0.8828189397913583
0.8902333186496715
0.8190974943510265
0.9021647157630298
0.8171522706407157
0.7442352007932665
0.8233501063794784
0.849483559271723
0.817047906983118
0.8656398419719347
0.9143419149461117
0.8468729362327008
0.7851556251675358
0.8940133906205988
0.8809446484746112
0.7162379466026335
0.9263231857881303
0.9461128893441022
0.9733549681813722
0.9793537456284506
0.775682119295932
0.7443437390081484
0.938678302709286
0.9281497318691656
0.798424060947794
0.951752510640876
0.9490621721096014
0.8316601695517791
0.9714180176338926
0.9133097890687232
0.6509403900982451
0.7613170821676456
0.9478558562958587
0.7359801458404803
0.8187689533740425
0.9458665991110254
0.9141807373906485
0.7520615491933398
0.919822739347161
0.8264600087559462
0.9316783664616564
0.85785167101894
0.7827746232161983
0.9107368624986352
0.8217310091903995
0.752883675856483
0.9851768036800647
0.9624859726508495
0.7438064734278733
0.9519987929725819
0.9446002285453864
0.8176924120077154
0.9898101472149003
0.8661882371272841
0.8568471743201149
0.6880723614081063
0.7636693576484703
0.9074255998656867
0.7953424822453606
0.885978292942643
0.9403673876502898
0.9600505465120288
0.934162228252801
0.8786977384944334
0.7842163961311364
0.7763529496079522
0.9953141997561104
0.958505943738289
0.9233521480848809
0.9495652227212388
0.93006442168558
0.8589955446056343
0.9460238287085849
0.8108421431619888
0.9731648484885865
0.9094573752989971
0.8884060042581932
0.8260172980176754
0.974081342840115
0.8314949366405915
0.8248722063209997
0.8108371806090814
0.8768141724206776
0.9007413748827887
0.6653132627102993
0.8383616394386356
0.934084298885313
0.7643692785883445
0.7155643904394704
0.9285137496703981
0.7827321126750008
0.8767623709040581
0.9343121862996455
0.9684108647660696
0.8152375420003871
0.8523843039769662
0.9157277094020857
0.9689608093492428
0.9292588466943211
0.6867661828458037
0.6573792723536779
0.7185770909645204
0.7616014279330402
0.6824562179407591
0.952658889172616
0.9682642252121767
0.8707383414060977
0.6926701537323113
0.9355776121183966
0.8287836345676683
0.8932571918115867
0.8949605601022856
0.9423455734705171
0.8767802419943467
0.9114598690394748
0.9465012115069157
0.9236104585125541
0.9770854493419193
0.9525275374435871
0.8871177381191307
0.7754516358085549
0.9595977836936377
0.9863802816776989
0.8351286442925535
0.8556292296838741
0.9238573456306307
0.89320882265583
0.7845410081705381
0.8955022451985313
0.9774119563762891
0.934996299131264
0.7846241003638127
0.9244039553630701
0.9000423582763071
0.9264567939811588
0.7522806406372184
0.9192966996930145
0.7552432491427296
0.8927272883983964
0.8527850450003024
0.7697842439975049
0.9470786240611617
0.9549383811446129
0.7150590484551025
0.909909471198542
0.7568311604712891
0.8990586202054713
0.8868572410734704
0.8847889835381767
0.8200214845545996
0.7255864937550289
0.9350368752885132
0.7069391430143914
0.7830807522400384
0.8767962551602524
0.8634625589175087
0.9220560548090901
0.9142241785929422
0.9033647864772222
0.9111830930428677
0.8941725426916853
0.8302112457337169
0.9836442743284757
0.7535548872007728
0.7761766455739906
0.9816244324616542
0.9092890486290088
0.9671047409236783
0.94035194734169
0.7604676837070953
0.7006819252110792
0.8770992144101935
0.8783011589670306
0.862703752425468
0.7112270866860803
0.9027508991193659
0.9490326290741268
0.9471177701794996
0.8903690518198413
0.8562474391452509
0.8647905405343013
0.8719469166059197
0.8674662917056015
0.885597902986267
0.8249886940549588
0.9654888238711652
0.6758880899508074
0.7704990142422885
0.9003458502495973
0.7013738294163262
0.8564400423317787
0.8628034304499509
0.8701717182501127
0.764111282690872
0.8557823434248824
0.8887010991082912
0.8247138439791728
0.9382849110426181
0.9011679661387462
0.9324849432030049
0.94548207404514
0.8444036555983446
0.7607435492237744
0.9386934996642181
0.9893660401789228
0.7947107386991504
0.8729512362480141
0.6192744518390662
0.9048539730781048
0.6554612894869807
0.9514011058504239
0.965183455377126
0.9026166216610907
0.9342972182053201
0.958981819291981
0.7288877809650185
0.7368372321675439
0.9504551604702506
0.8433653403471266
0.8782549892801517
0.7659896789719239
0.8248847222320866
0.8672834111524562
0.6548264068750286
0.9857555718307658
0.8733916280178012
0.8855562432680913
0.9007794861493865
0.9360588623926167
0.9569908959953195
0.9079637367115136
0.8055344164006941
0.8315263453859904
0.8185418097094713
0.9505694237017732
0.9708738957527582
0.9439841139771107
0.8960101422456263
0.9422481086545771
0.855612477502574
0.8313502361773367
0.93223365339419
0.9018152216823606
0.9399100798208504
0.9017048116630549
0.7834707034622861
0.9951777367863193
0.9074092593518331
0.6994986174286019
0.8878582379501021
0.9658125727163503
0.9308869209298014
0.9462999718568406
0.5619544457759792
0.9277006565822679
0.952884090197605
0.8360839058491397
0.8259593581233776
0.8667601493637833
0.8903415921273489
0.958159739351082
0.8974641099211582
0.8542437201468619
0.7544291703268965
0.9214294388095209
0.9067713267543801
0.8825609327613825
0.7868737794694655
0.8273912072940545
0.8450736203606077
0.8997206755491446
0.9604154586685338
0.8824380587391574
0.6903897001171869
0.6674372948212235
0.9492079090339899
0.8483434709308247
0.9282579090829194
0.8219140137262562
0.9187282313333371
0.8909162319999467
0.9249739446713275
0.8674617189269445
0.7981557885909402
0.95530717874485
0.9099903622259999
0.9507530710018559
0.9382970644369618
0.919344348295383
0.8234168958044791
0.811411099977059
0.9496720683142229
0.9526353523986101
0.8307790114331048
0.9138435364849831
0.8065893408345073
0.7625506763585616
0.7594469596265035
0.8657155882845196
0.9529531458162948
0.8981044784594352
0.9335716458939208
0.8592406439586273
0.9475313299534525
0.8795035826472655
0.9422191383048915
0.8816974150461026
0.9785602552181709
0.8127524758172321
0.7686130824114502
0.8405517030956295
0.9338950731856053
0.8833745553630348
0.8735466642946682
0.9401275065848705
0.7841560361429596
0.9339794057215416
0.9234168170436787
0.9379337132633074
0.7721430669076288
0.9220778647207015
0.9165745083435614
0.8550721415038947
0.9305001142441689
0.8768572231316989
0.9523024466242838
0.9561894184276808
0.8655124074493575
0.763221734183938
0.6276194024074256
0.8813144506160813
0.8208452751945554
0.843838479983638
0.799988643285088
0.9029425965273319
0.7068437303791025
0.9569769928470547
0.7498887227598585
0.8997194478841999
0.832271293559803
0.9857222983766262
0.9936392200350095
0.9533515524129247
0.9224144277375875
0.8686899364442078
0.8742485741924236
0.9846214020555356
0.962634851418071
0.9581570521407281
0.8727974144497196
0.8296800672318685
0.9196613166139801
0.9448744675827758
0.8398475073254895
0.7618515483866657
0.8915568582864685
0.8336403367559783
0.7817518843987729
0.8286045502874675
0.952310097249276
0.898726047563711
0.8057527450462126
0.8871375162457272
0.8116330886648548
0.79979502017646
0.8429715978655251
0.8442092008196632
0.8931374361118363
0.8951420052056883
0.7076559762074878
0.9790038512472379
0.7491856774798256
0.8801326431342266
0.9107622204575024
0.7961231688921967
0.855673004451585
0.9722324529717958
0.693682398732491
0.7843211023932886
0.8844752147266164
0.9180860082788136
0.9234963667528929
0.8113721685043251
0.9237634178287484
0.9797659754117026
0.9690860067127448
0.9087649920735698
0.7774382075467189
0.7417379752362553
0.907791179126407
0.9471365118083178
0.871318160534613
0.695598253820458
0.8735543278468905
0.8263564498832908
0.9369362254570763
0.8395160732033876
0.5249358762205222
0.8880774206173602
0.8622842244763739
0.946114114898592
0.8128049930150505
0.9705591768827042
0.9450233452035062
0.6449183933256181
0.9919375656394571
0.7752707523130064
0.936515705913806
0.8616385191039475
0.9969162080049286
0.9762125500310538
0.9872844559998284
0.9393809640413181
0.8940948432288532
0.7070839214033844
0.901550652599242
0.9391348621225082
0.8029273870635761
0.8306060515863465
0.7231305150324834
0.8119880328697334
0.7400560582249632
0.834207483120531
0.9747764729222245
0.9045638483248785
0.7420525742195594
0.8146283320812112
0.8371609499479707
0.7614369214374631
0.9561279407353843
0.9475505662922357
0.8882497888181778
0.935667603498601
0.9386062088483447
0.7554610752931381
0.4996120260578026
0.7800105174522804
0.8431235156484952
0.8606370691574045
0.6924396198293631
0.8670571660813827
0.7321421357058621
0.9119372370355946
0.8263890055096318
0.9160536681352734
0.8105582519255033
0.913744574020586
0.7724254971448072
0.9576121591662615
0.9181668045996231
0.7978787980369617
0.9508850137755456
0.9487365454141217
0.9103467885034888
0.8225365710398025
0.9888403042586766
0.901371213503171
0.9318370950489101
0.8987798214357567
0.7424377225775357
0.9013148040228978
0.8250870901802366
0.7897502745637069
0.9530361984279899
0.9561487835496183
0.9146167169363177
0.6477721403968772
0.884424015655123
0.8870186821909822
0.9039010429044234
0.845610312998536
0.8664787027059629
0.9400917974655709
0.8039593080675654
0.9501879531256421
0.8839271679164775
0.9675509356080966
0.7688263249751737
0.8017511518111333
0.8515450334528404
0.821292878931557
0.9220468556029214
0.9477513762827763
0.8570247285184601
0.8782620868830452
0.957844526611221
0.8566667579030739
0.9581430702408826
0.9513783465734195
0.9395090854178576
0.6597992129442307
0.8950236010241042
0.8563735479951186
0.8616241212952134
0.793491084251068
0.9858424143400394
0.8390394683994773
0.727942834130357
0.8085326474047043
0.9721062099886425
0.8670603195008527
0.9756384890073654
0.8421022803673349
0.8525115214262902
0.8843916516216068
0.6623274511250342
0.9601728906704378
0.8368301681410872
0.9234991460376023
0.9748816655932766
0.965243206443881
0.9437933693640662
0.9444431742993726
0.9710594508892431
0.9091285236637979
0.9027676112169497
0.8987399084254849
0.8722114603025488
0.933507185961248
0.8935378518683894
0.7966236997875414
0.9059064270503008
0.939569456749402
0.886948321682384
0.6788964213356583
0.8818663854274694
0.912943789530727
0.6602166169198921
0.7891132932774393
0.8553354411470496
0.8791804707084787
0.8920099466882669
0.9321697302187673
0.8144988121833818
0.7819366798403554
0.9330824694019973
0.9080393724389659
0.9706842723222875
0.9828132152032667
0.8640559475199345
0.9234039965307581
0.9546471638780566
0.9578086454487282
0.783806582120022
0.9555001539111689
0.8693877740248096
0.8156281337248191
0.8220529764135717
0.9285603564003018
0.8622116270356776
0.8860007246792806
0.6873847420058922
0.9168639820720864
0.9355938660224247
0.9205974667267616
0.9178728182363219
0.8273731305002123
0.9195257967220984
0.9436403905888026
0.8447397125215473
0.9047042855726237
0.9517514789902967
0.6694244004994307
0.9582990087693657
0.9011494615363299
0.9340707971985213
0.912424201618315
0.9126137342044831
0.9251944626896625
0.5825689726718181
0.9647920141210183
0.9414942789544214
0.728499149254532
0.8909851080432727
0.9948271336613855
0.9324192693205353
0.8006427246316359
0.8949638162775764
0.9678443916267626
0.8599269469074061
0.9104301362818259
0.83146331300332
0.8759651853036552
0.8516026756639705
0.7528543568975853
0.7986453802997208
0.8725799727303807
0.7119742515868558
0.7529683451844317
0.8992152670700776
0.7129002876514691
0.8746936599570547
0.7980616905683787
0.7969662043788837
0.9558505911771726
0.9413559770268259
0.8875985944396569
0.9631180955061566
0.8434615877427746
0.9672570603276672
0.7523195346406543
0.7449270387878684
0.864220753342116
0.9367522835034199
0.8788673490367194
0.7202332746554277
0.7976270609767673
0.9039082539648046
0.7734966898424546
0.8825991395979069
0.9641365733165904
0.9568456284471307
0.7674756020260146
0.9660300209239923
0.8125416058189633
0.835086855728596
0.9564782091723213
0.8690452917636659
0.8647843546420905
0.7628901345934118
0.9643444768785773
0.9558563293559257
0.7076856141747041
0.9052588531397775
0.8622423770300403
0.9631610597407549
0.5496085823280407
0.8908504676437397
0.9809253484082114
0.8987942329340814
0.8786683248937752
0.8932851565340334
0.9451134548869058
0.8702939877883162
0.8942613252850162
0.885177974083741
0.8262985063389401
0.8264410502636432
0.850710537545403
0.9592156617027112
0.9355947372205804
0.8641241165013862
0.9803720154800918
0.8549190326859335
0.8172491487668713
0.8568531513354598
0.6157704211627584
0.8269847067874899
0.6561355140836349
0.9154358825422743
0.8103041674402599
0.8781189607319243
0.7752022243737767
0.7982698481479616
0.5358791553464364
0.8398868774694893
0.6928522330069735
0.92843225654223
0.901209163908493
0.7584741303277874
0.9608339901244495
0.7654023206981284
0.9420539982128917
0.8918964872775439
0.9077277226210495
0.9213010106057083
0.5543628971289146
0.908787108355305
0.9131353933056566
0.5874119115366558
0.9594538398429108
0.9109182905934652
0.9180887847890836
0.7985034087891186
0.910707531147654
0.9076882810644754
0.9370195009926363
0.8693685002887053
0.9048618118844319
0.9356671113947176
0.9716514226330317
0.7908243218299492
0.9752407693704255
0.8967605901274217
0.80188689897283
0.8636374640252756
0.9269480735777408
0.9360557211322018
0.923549982641802
0.8417699976441472
0.8733741765413716
0.9463094665122646
0.9374263059463109
0.8620623010179831
0.9017987491269057
0.643795986536495
0.7792210439394204
0.8666920757349559
0.8286615587162998
0.9651294329325805
0.9568823450971975
0.9566329579864594
0.7380399460846617
0.9559107971444804
0.9311029874344875
0.9271310792355508
0.9096967163315086
0.5655690165981812
0.7636811876337692
0.868961667146368
0.9311170177214655
0.8059096849706442
0.8158513691746386
0.833471237509304
0.8253384052440599
0.8567631219258395
0.9297789679400663
0.7759022121127223
0.8860803222598499
0.9375429300001784
0.8934568716753966
0.9171068025065024
0.8408008134769636
0.8606142227432236
0.8954193339874276
0.9502417676245368
0.9014097762419735
0.6933306241692975
0.88781817762085
0.8182890904092164
0.9863023577601525
0.9490758737997653
0.7632552210015165
0.7755474033701978
0.890638766572644
0.9088078890168109
0.7818042502465792
0.7396507534443255
0.817186201635949
0.9193837447279091
0.7567925726363922
0.8587136841638873
0.9689392049360754
0.6066076212931162
0.9620783905686597
0.9707985304985204
0.8956339319919278
0.8598656947208265
0.9595511840026324
0.7319478357905395
0.9072459850513593
0.8813328905022956
0.7764117091185616
0.9208299414279484
0.9933658211919438
0.8868217100735308
0.9321365956589349
0.9916576051539873
0.8587125820339867
0.9631824270952953
0.9456187359361075
0.8725684762354351
0.843750523345917
0.7690382522778254
0.9622245217258454
0.5526425709250623
0.9116574159925439
0.880148502482435
0.8352076666521782
0.8550403745652119
0.9397082652089116
0.8982173424898062
0.8881696185211592
0.9309258636855524
0.913822309780273
0.9299318200392651
0.9069538126740836
0.7993920922447743
0.8995342375500603
0.924933612641994
0.9368668418054867
0.9709492541094025
0.8523848346943298
0.7956087727225404
0.912767689619389
0.8166433403825495
0.7119203349580614
0.9778338760728891
0.903364679916005
0.8842887036248207
0.6830184685048893
0.8402430877040886
0.8594578201923816
0.894720360921903
0.8068373442629971
0.9794786735835443
0.8513305607274584
0.922298500937065
0.8448560823885263
0.9839824249388699
0.8517299990702305
0.6553625874403871
0.7821431473745024
0.9116854248213511
0.9723846112636321
0.8391442970244603
0.9173125203941077
0.826264706318857
0.9631077912028847
0.890152847033527
0.9000049466591982
0.8645022218185026
0.9005174754611548
0.9768929341446394
0.8674482207148007
0.9843029272207148
0.7778912848702789
0.6959676995593234
0.6690258046245712
0.9353953914323788
0.7429020044378015
0.9542371238764343
0.8052945930069614
0.9288936585385699
0.8511162332160228
0.8514351357067499
0.6378949637073382
0.8398388368797755
0.972880318657725
0.9300139998310002
0.8674703389534442
0.8073352133178374
0.9707687163435116
0.8780080464824963
0.8988152849860095
0.7339687845490604
0.9824706683340562
0.9294785805575646
0.9041184273202186
0.96205050683877
0.8031436934524893
0.5847170851767026
0.8041299460754381
0.9841069109364916
0.8673170318167541
0.8709012794603661
0.6253974438845161
0.8268373992766551
0.7693244528331599
0.9019931684162926
0.9175701839931348
0.9384970844651981
0.904468434329542
0.8930725697459398
0.7709950493913222
0.7668075911790668
0.6820910894923509
0.9459614375642459
0.8433342616814952
0.7310213271564288
0.9303579710568957
0.8887935516306282
0.9575135771488825
0.8852363032510195
0.9083432250961749
0.9674013518791706
0.9037120822444433
0.8701535803427582
0.8332861878815018
0.8244444113245698
0.8252243834287751
0.8571197772826382
0.8693244036239697
0.9129369325936973
0.7602074134055569
0.8117017393568956
0.9725421083525836
0.9189653206342272
0.8775070133010757
0.9127909774507281
0.8974249034774918
0.9074043423061733
0.8669324497432195
0.858668741302126
0.9814586654487423
0.8587364720376601
0.6332454613050994
0.9035870511445563
0.9124598126889548
0.8957620677572967
0.9414310023574043
0.7626470302626088
0.890855936676419
0.7803370067282339
0.9843538465432737
0.9741002529090584
0.8902803780759938
0.9469963159438128
0.9710888939236179
0.8540980207094868
0.9031942498038786
0.7552210110668617
0.9158940285845827
0.9257433606714395
0.976701409970118
0.922559127118777
0.8987496692137074
0.8174884188101076
0.8740459586919023
0.9249544118235765
0.8579411947057559
0.9042751919325038
0.8361484079422737
0.8469808756719692
0.8586878469444168
0.8957193024022289
0.9147181769794194
0.8398385076887881
0.7880349426349115
0.7872693068267689
0.727443737050792
0.9627945052070791
0.8237102294411375
0.9205716899787869
0.8920552966581634
0.6065702517885707
0.9391866761463659
0.8207302144432067
0.7636468003084104
0.9551663780572158
0.8624111584521829
0.838982396257844
0.6943337171826681
0.34622285655454116
0.8330847863060796
0.8718558662947797
0.9852500934577578
0.7422243492014277
0.8594780547760851
0.6727834862274013
0.906344523763787
0.8556200557328235
0.6725813301295437
0.9632598455887985
0.8962808762728185
0.8177475524376978
0.8458459877572071
0.883763554463665
0.9445008718429262
0.9346033827754957
0.8438975058769397
0.9470163566885819
0.6753907528559778
0.9806385797613514
0.8407787438271809
0.9289515194841759
0.9190470851955413
0.9136561540837647
0.9792312651509679
0.8307790219388863
0.7598783391259822
0.9321922357077052
0.90560148483723
0.8569976128204843
0.9584052358017475
0.8189641801734747
0.8395227831026387
0.8356207317235796
0.9232513984886048
0.8915046547750238
0.9870897933228405
0.9115082528863493
0.5751342368152397
0.8715622382854643
0.8256565589855188
0.7584977673854985
0.8621373295814517
0.8775866783146177
0.7343850623905726
0.8210279644389886
0.7579842917916056
0.8291280504911612
0.924372735175979
0.864186954020441
0.8691901723351608
0.8859910272126861
0.8042526011140928
0.7899667751842829
0.9129981039078554
0.5810675529466702
0.9030511883937169
0.9502349622433346
0.7253346233747593
0.902183073512107
0.7970181277849809
0.8448961914189778
0.9249588356622482
0.8907642866490806
0.853962117954488
0.9245444443089593
0.9274473678579751
0.9664522587920332
0.9090742828921766
0.8431721591013813
0.9582273634052613
0.8675880410255017
0.7684315540923783
0.8744019493239554
0.8452089979641902
0.8067438360871385
0.6701813604072817
0.9690060528596716
0.802268885160633
0.857857910925614
0.9956596517522516
0.9622758153348523
0.9520819351948505
0.6815404039981942
0.8092646646817757
0.9556991223723804
0.7860531661773108
0.8727063847792556
0.9801667470690819
0.864792722065876
0.9396889074798882
0.6420503954596641
0.826767392961815
0.9281364004210235
0.9718710649029563
0.518730657930533
0.9569037936043846
0.8197989783531505
0.7586443288838971
0.7754016693811965
0.787443084522005
0.8156541730095109
0.8557656263969179
0.9804503942728037
0.8551225783114259
0.8232561802303242
0.984800996467264
0.9426850202835996
0.8286312146135798
0.9829500013434074
0.9735810338364846
0.9462700123226992
0.9376996895578691
0.8398909032712915
0.9632780118167666
0.7414730496437297
0.8290399025005535
0.6656399909463647
0.8485503172512375
0.64009262594007
0.6757003208212623
0.9752961647500866
0.6184952653361354
0.7059703975300662
0.874446476266624
0.9119516124374204
0.7807066962686287
0.8944914102425489
0.981946679056278
0.8591334391014303
0.9360528693340089
0.737052080925851
0.9132364044341312
0.9189187259485015
0.8219200165666929
0.9149207267887487
0.8279431363300082
0.9228318808281353
0.9932556619473442
0.9313975261705478
0.917998163973176
0.924109292839905
0.7661035906984152
0.7544380607696587
0.8579036619970993
0.6183949165822588
0.8539271561384804
0.8518753645839494
0.9018681194812102
0.9709301359811249
0.9211135926353137
0.8961381122128526
0.8321719913704445
0.7848039453362965
0.9496621399593246
0.9225635538933723
0.864864480120385
0.8882026552351329
0.6409464965833557
0.9589898385602541
0.7972638524877211
0.8684581478991795
0.967205996164871
0.9004201407700313
0.8665999378387352
0.7911751381960055
0.8978155937385731
0.9104722411737127
0.9227068731560815
0.8595211389665093
0.7865095926999466
0.909155600477903
0.9101938571276391
0.9328271375035704
0.8063027145333547
0.8434244123819395
0.854136409871615
0.9099255286984427
0.9257439323585867
0.9899174089166973
0.93543478270833
0.9629417339282383
0.892914663053326
0.9814892899404598
0.9492474945466397
0.7785503223925986
0.8707115590710789
0.8409509263315079
0.9670194508509552
0.8742531342039016
0.8814755845153863
0.9057021945988227
0.9543827623486831
0.8436416383679453
0.9249466247717535
0.9246918178491561
0.8115413397632336
0.8515047553542112
0.8968401808327441
0.8851568870117036
0.8775393381857758
0.9444340781424928
0.8967743497593864
0.9063802572031149
0.9014724081988413
0.9492550141647946
0.8548604690166083
0.9036132503084937
0.852225332581271
0.9029531499164339
0.8082626576329652
0.7751417646476757
0.7543683814775979
0.7106723445670071
0.9549131283528087
0.7725507060315696
0.8678064749673441
0.9609750866006044
0.833402253805462
0.8802155140707545
0.943946615005405
0.9236190880437616
0.9007367340724334
0.9504467051680102
0.765614144741879
0.9340320531179068
0.976161814433932
0.9569774463918036
0.8997035707616986
0.9744941992017481
0.9848181443572636
0.5441193748363348
0.9105398717715026
0.9211655282364591
0.90503678945912
0.9869576158897005
0.8751570680488945
0.9796295923632207
0.8227024163316635
0.9546180953825685
0.9656919214430646
0.9525709117770786
0.9619433486134019
0.9757607800485507
0.8935090811611176
0.9003474448833544
0.8277519955295047
0.9830708158512523
0.9202383216116706
0.8748579587933497
0.8226168321920686
0.8144453417181299
0.6334945866379078
0.9508374634943091
0.9525053374288946
0.8783401104344589
0.8790009484831711
0.9252218606946965
0.8918711071971331
0.7968129451830162
0.9056718557474744
0.8821294484202875
0.9221392517646897
0.7492547926570253
0.9150758933729798
0.94301195826058
0.9826775525183621
0.8995170562034834
0.9172337512443336
0.9142387458555974
0.770068287302099
0.8855893618174349
0.7694371244959147
0.8522257747544136
0.6425654912645443
0.8921615220384701
0.785992904074404
0.8740861141988566
0.8837412434291003
0.9308417795737932
0.8053764171750475
0.7223470379666537
0.8912837625077537
0.8620099739660708
0.8209234484737522
0.6893448061477291
0.8442480941636862
0.8272342634791847
0.8380569415215205
0.9823767825263702
0.7757671396914889
0.8443055850673871
0.7614918128396292
0.96478555507566
0.8276913704817984
0.889446768687679
0.7838468499965106
0.8154177674292629
0.8682228064321335
0.9488715380812922
0.9429278254927306
0.787701475169632
0.8373037101384072
0.8233552544281775
0.9321139266722374
0.7798262936868937
0.9483798282757147
0.6924818286935587
0.6260362228134527
0.9548240770149885
0.758037811145114
0.8901107369291857
0.9623410497360618
0.7724795626614811
0.9301224733092295
0.9740650103396182
0.9225567316451485
0.832318142525525
0.9288339296923948
0.9000883393548545
0.8060805138495775
0.5508887082920946
0.8334228247094007
0.9918746810211129
0.7370077254160627
0.923222377962283
0.8425920333577298
0.7156663757345297
0.9294621092916837
0.9241861529304858
0.904232128439052
0.9368367498906175
0.8146435525625759
0.9464373846303549
0.7524364733548934
